Date,CGM (mg / dl),CBG (mg / dl),Dietary intake,Insulin dose - s.c.,Non-insulin hypoglycemic agents,Calories,Total Fat,Saturated Fat,Trans Fat,Cholesterol,Sodium,Total Carbohydrates,Dietary Fiber,Sugars,Protein
12/24/2020,187.2,,"Braised pork with dried bean curd 50 g
Shredded pork with cabbage 50 g
Fried mushroom 50 g
Rice 10 g
Soybean milk 390 g",,,0,0,0,0,0,0,0,0,0,0
12/24/2020,176.4,,,,,0,0,0,0,0,0,0,0,0,0
12/24/2020,145.8,,,,,0,0,0,0,0,0,0,0,0,0
12/24/2020,113.4,,,,,0,0,0,0,0,0,0,0,0,0
12/24/2020,86.4,,,,,0,0,0,0,0,0,0,0,0,0
12/24/2020,73.8,,,,,0,0,0,0,0,0,0,0,0,0
12/24/2020,68.4,106.2,,,,0,0,0,0,0,0,0,0,0,0
12/24/2020,72,,,,,0,0,0,0,0,0,0,0,0,0
12/24/2020,79.2,,,,,0,0,0,0,0,0,0,0,0,0
12/24/2020,77.4,,,,,0,0,0,0,0,0,0,0,0,0
12/24/2020,73.8,,,,,0,0,0,0,0,0,0,0,0,0
12/24/2020,79.2,,,,,0,0,0,0,0,0,0,0,0,0
12/24/2020,86.4,,,,,0,0,0,0,0,0,0,0,0,0
12/24/2020,91.8,,,,,0,0,0,0,0,0,0,0,0,0
12/24/2020,95.4,,,,,0,0,0,0,0,0,0,0,0,0
12/24/2020,109.8,,,,,0,0,0,0,0,0,0,0,0,0
12/24/2020,133.2,,,,,0,0,0,0,0,0,0,0,0,0
12/24/2020,153,,,,,0,0,0,0,0,0,0,0,0,0
12/24/2020,158.4,,,,,0,0,0,0,0,0,0,0,0,0
12/24/2020,162,,,,,0,0,0,0,0,0,0,0,0,0
12/24/2020,163.8,,,,,0,0,0,0,0,0,0,0,0,0
12/24/2020,169.2,,,,,0,0,0,0,0,0,0,0,0,0
12/24/2020,174.6,,,,,0,0,0,0,0,0,0,0,0,0
12/24/2020,176.4,176.4,,,,0,0,0,0,0,0,0,0,0,0
12/24/2020,172.8,,,,,0,0,0,0,0,0,0,0,0,0
12/24/2020,172.8,,"Fried lettuce 60 g
Tofu skin 64 g
Fungus and yam porridge 150 g",,,0,0,0,0,0,0,0,0,0,0
12/24/2020,176.4,,,,metformin 850 mg,0,0,0,0,0,0,0,0,0,0
12/24/2020,183.6,,,,,0,0,0,0,0,0,0,0,0,0
12/24/2020,185.4,,,,,0,0,0,0,0,0,0,0,0,0
12/24/2020,183.6,,,,,0,0,0,0,0,0,0,0,0,0
12/24/2020,190.8,,,,,0,0,0,0,0,0,0,0,0,0
12/24/2020,194.4,,,,,0,0,0,0,0,0,0,0,0,0
12/24/2020,192.6,,,,,0,0,0,0,0,0,0,0,0,0
12/24/2020,189,174.6,,,,0,0,0,0,0,0,0,0,0,0
12/24/2020,192.6,,,,,0,0,0,0,0,0,0,0,0,0
12/24/2020,196.2,,,,,0,0,0,0,0,0,0,0,0,0
12/24/2020,196.2,,,,,0,0,0,0,0,0,0,0,0,0
12/24/2020,194.4,183.6,,"insulin degludec, 10 IU",,0,0,0,0,0,0,0,0,0,0
12/24/2020,190.8,,,,,0,0,0,0,0,0,0,0,0,0
12/24/2020,194.4,,,,,0,0,0,0,0,0,0,0,0,0
12/24/2020,192.6,,,,,0,0,0,0,0,0,0,0,0,0
12/24/2020,194.4,,,,,0,0,0,0,0,0,0,0,0,0
12/24/2020,196.2,,,,,0,0,0,0,0,0,0,0,0,0
12/24/2020,185.4,,,,,0,0,0,0,0,0,0,0,0,0
12/24/2020,178.2,,,,,0,0,0,0,0,0,0,0,0,0
12/24/2020,169.2,,,,,0,0,0,0,0,0,0,0,0,0
12/24/2020,163.8,,,,,0,0,0,0,0,0,0,0,0,0
12/24/2020,165.6,,,,,0,0,0,0,0,0,0,0,0,0
12/24/2020,171,,,,,0,0,0,0,0,0,0,0,0,0
12/25/2020,165.6,,,,,0,0,0,0,0,0,0,0,0,0
12/25/2020,154.8,,,,,0,0,0,0,0,0,0,0,0,0
12/25/2020,144,,,,,0,0,0,0,0,0,0,0,0,0
12/25/2020,147.6,,,,,0,0,0,0,0,0,0,0,0,0
12/25/2020,154.8,,,,,0,0,0,0,0,0,0,0,0,0
12/25/2020,151.2,,,,,0,0,0,0,0,0,0,0,0,0
12/25/2020,142.2,,,,,0,0,0,0,0,0,0,0,0,0
12/25/2020,136.8,,,,,0,0,0,0,0,0,0,0,0,0
12/25/2020,131.4,,,,,0,0,0,0,0,0,0,0,0,0
12/25/2020,129.6,,,,,0,0,0,0,0,0,0,0,0,0
12/25/2020,129.6,,,,,0,0,0,0,0,0,0,0,0,0
12/25/2020,127.8,,,,,0,0,0,0,0,0,0,0,0,0
12/25/2020,126,,,,,0,0,0,0,0,0,0,0,0,0
12/25/2020,120.6,,,,,0,0,0,0,0,0,0,0,0,0
12/25/2020,117,,,,,0,0,0,0,0,0,0,0,0,0
12/25/2020,129.6,,,,,0,0,0,0,0,0,0,0,0,0
12/25/2020,131.4,,,,,0,0,0,0,0,0,0,0,0,0
12/25/2020,126,,,,,0,0,0,0,0,0,0,0,0,0
12/25/2020,124.2,,,,,0,0,0,0,0,0,0,0,0,0
12/25/2020,122.4,,,,,0,0,0,0,0,0,0,0,0,0
12/25/2020,118.8,,,,,0,0,0,0,0,0,0,0,0,0
12/25/2020,115.2,,,,,0,0,0,0,0,0,0,0,0,0
12/25/2020,118.8,,,,,0,0,0,0,0,0,0,0,0,0
12/25/2020,118.8,,,,,0,0,0,0,0,0,0,0,0,0
12/25/2020,113.4,113.4,"Sweet potato 123 g
Black fungus with vinegar 28 g
Boiled egg 42 g
Soybean milk 390 g",,,378,13.8,2.7,0,178,331,51.6,10.5,19.3,22.5
12/25/2020,120.6,,,,metformin 850 mg,0,0,0,0,0,0,0,0,0,0
12/25/2020,145.8,,,,,0,0,0,0,0,0,0,0,0,0
12/25/2020,174.6,,,,,0,0,0,0,0,0,0,0,0,0
12/25/2020,190.8,,,,,0,0,0,0,0,0,0,0,0,0
12/25/2020,196.2,,,,,0,0,0,0,0,0,0,0,0,0
12/25/2020,190.8,,,,,0,0,0,0,0,0,0,0,0,0
12/25/2020,181.8,,,,,0,0,0,0,0,0,0,0,0,0
12/25/2020,178.2,158.4,,,,0,0,0,0,0,0,0,0,0,0
12/25/2020,174.6,,,,,0,0,0,0,0,0,0,0,0,0
12/25/2020,154.8,,,,,0,0,0,0,0,0,0,0,0,0
12/25/2020,127.8,,,,,0,0,0,0,0,0,0,0,0,0
12/25/2020,111.6,,,,,0,0,0,0,0,0,0,0,0,0
12/25/2020,106.2,,,,,0,0,0,0,0,0,0,0,0,0
12/25/2020,102.6,,,,,0,0,0,0,0,0,0,0,0,0
12/25/2020,97.2,,,,,0,0,0,0,0,0,0,0,0,0
12/25/2020,95.4,,,,,0,0,0,0,0,0,0,0,0,0
12/25/2020,88.2,,Radish 124 g,,,0,0,0,0,0,0,0,0,0,0
12/25/2020,88.2,,,,,0,0,0,0,0,0,0,0,0,0
12/25/2020,95.4,,,,,0,0,0,0,0,0,0,0,0,0
12/25/2020,95.4,,,,,0,0,0,0,0,0,0,0,0,0
12/25/2020,95.4,,,,,0,0,0,0,0,0,0,0,0,0
12/25/2020,100.8,,,,,0,0,0,0,0,0,0,0,0,0
12/25/2020,102.6,99,"Meal replacement powder 35 g
Milk 200 ml",,,0,0,0,0,0,0,0,0,0,0
12/25/2020,104.4,,,,,0,0,0,0,0,0,0,0,0,0
12/25/2020,118.8,,,,,0,0,0,0,0,0,0,0,0,0
12/25/2020,140.4,,,,,0,0,0,0,0,0,0,0,0,0
12/25/2020,156.6,,,,,0,0,0,0,0,0,0,0,0,0
12/25/2020,167.4,,,,,0,0,0,0,0,0,0,0,0,0
12/25/2020,171,,,,,0,0,0,0,0,0,0,0,0,0
12/25/2020,165.6,,,,,0,0,0,0,0,0,0,0,0,0
12/25/2020,160.2,142.2,,,,0,0,0,0,0,0,0,0,0,0
12/25/2020,153,,,,,0,0,0,0,0,0,0,0,0,0
12/25/2020,144,,,,,0,0,0,0,0,0,0,0,0,0
12/25/2020,133.2,,,,,0,0,0,0,0,0,0,0,0,0
12/25/2020,124.2,,,,,0,0,0,0,0,0,0,0,0,0
12/25/2020,115.2,,,,,0,0,0,0,0,0,0,0,0,0
12/25/2020,113.4,,,,,0,0,0,0,0,0,0,0,0,0
12/25/2020,111.6,,,,,0,0,0,0,0,0,0,0,0,0
12/25/2020,108,,,,,0,0,0,0,0,0,0,0,0,0
12/25/2020,106.2,,,,,0,0,0,0,0,0,0,0,0,0
12/25/2020,108,,,,,0,0,0,0,0,0,0,0,0,0
12/25/2020,106.2,,,,,0,0,0,0,0,0,0,0,0,0
12/25/2020,104.4,,,,,0,0,0,0,0,0,0,0,0,0
12/25/2020,106.2,,,,,0,0,0,0,0,0,0,0,0,0
12/25/2020,109.8,,,,,0,0,0,0,0,0,0,0,0,0
12/25/2020,115.2,,,,,0,0,0,0,0,0,0,0,0,0
12/25/2020,118.8,,,,,0,0,0,0,0,0,0,0,0,0
12/25/2020,120.6,,,,,0,0,0,0,0,0,0,0,0,0
12/25/2020,124.2,,"Luncheon meat 49 g
Preserved egg 57 g
Fried spinage 100 g
Fungus and yam porridge 150 g",,,0,0,0,0,0,0,0,0,0,0
12/25/2020,131.4,,,,metformin 850 mg,0,0,0,0,0,0,0,0,0,0
12/25/2020,144,,,,,0,0,0,0,0,0,0,0,0,0
12/25/2020,165.6,,,,,0,0,0,0,0,0,0,0,0,0
12/25/2020,181.8,,,,,0,0,0,0,0,0,0,0,0,0
12/25/2020,181.8,,,,,0,0,0,0,0,0,0,0,0,0
12/25/2020,176.4,,,,,0,0,0,0,0,0,0,0,0,0
12/25/2020,172.8,,,,,0,0,0,0,0,0,0,0,0,0
12/25/2020,167.4,145.8,,,,0,0,0,0,0,0,0,0,0,0
12/25/2020,165.6,,,,,0,0,0,0,0,0,0,0,0,0
12/25/2020,163.8,,,,,0,0,0,0,0,0,0,0,0,0
12/25/2020,160.2,,,,,0,0,0,0,0,0,0,0,0,0
12/25/2020,151.2,,,,,0,0,0,0,0,0,0,0,0,0
12/25/2020,147.6,,,,,0,0,0,0,0,0,0,0,0,0
12/25/2020,140.4,,,,,0,0,0,0,0,0,0,0,0,0
12/25/2020,129.6,138.6,,"insulin degludec, 10 IU",,0,0,0,0,0,0,0,0,0,0
12/25/2020,131.4,,,,,0,0,0,0,0,0,0,0,0,0
12/25/2020,129.6,,,,,0,0,0,0,0,0,0,0,0,0
12/25/2020,127.8,,,,,0,0,0,0,0,0,0,0,0,0
12/25/2020,126,,,,,0,0,0,0,0,0,0,0,0,0
12/25/2020,122.4,,,,,0,0,0,0,0,0,0,0,0,0
12/25/2020,118.8,,,,,0,0,0,0,0,0,0,0,0,0
12/25/2020,115.2,,,,,0,0,0,0,0,0,0,0,0,0
12/26/2020,111.6,,,,,0,0,0,0,0,0,0,0,0,0
12/26/2020,109.8,,,,,0,0,0,0,0,0,0,0,0,0
12/26/2020,108,,,,,0,0,0,0,0,0,0,0,0,0
12/26/2020,106.2,,,,,0,0,0,0,0,0,0,0,0,0
12/26/2020,106.2,,,,,0,0,0,0,0,0,0,0,0,0
12/26/2020,106.2,,,,,0,0,0,0,0,0,0,0,0,0
12/26/2020,106.2,,,,,0,0,0,0,0,0,0,0,0,0
12/26/2020,104.4,,,,,0,0,0,0,0,0,0,0,0,0
12/26/2020,102.6,,,,,0,0,0,0,0,0,0,0,0,0
12/26/2020,102.6,,,,,0,0,0,0,0,0,0,0,0,0
12/26/2020,100.8,,,,,0,0,0,0,0,0,0,0,0,0
12/26/2020,102.6,,,,,0,0,0,0,0,0,0,0,0,0
12/26/2020,109.8,,,,,0,0,0,0,0,0,0,0,0,0
12/26/2020,113.4,,,,,0,0,0,0,0,0,0,0,0,0
12/26/2020,111.6,,,,,0,0,0,0,0,0,0,0,0,0
12/26/2020,111.6,,,,,0,0,0,0,0,0,0,0,0,0
12/26/2020,113.4,,,,,0,0,0,0,0,0,0,0,0,0
12/26/2020,115.2,,,,,0,0,0,0,0,0,0,0,0,0
12/26/2020,118.8,,,,,0,0,0,0,0,0,0,0,0,0
12/26/2020,122.4,,,,,0,0,0,0,0,0,0,0,0,0
12/26/2020,127.8,,,,,0,0,0,0,0,0,0,0,0,0
12/26/2020,136.8,,,,,0,0,0,0,0,0,0,0,0,0
12/26/2020,138.6,,,,,0,0,0,0,0,0,0,0,0,0
12/26/2020,133.2,,,,,0,0,0,0,0,0,0,0,0,0
12/26/2020,127.8,,,,,0,0,0,0,0,0,0,0,0,0
12/26/2020,124.2,95.4,,,,0,0,0,0,0,0,0,0,0,0
12/26/2020,122.4,,,,,0,0,0,0,0,0,0,0,0,0
12/26/2020,122.4,,"Soybean milk 290 ml
Sandwich 159 g",,metformin 850 mg,0,0,0,0,0,0,0,0,0,0
12/26/2020,127.8,,,,,0,0,0,0,0,0,0,0,0,0
12/26/2020,133.2,,,,,0,0,0,0,0,0,0,0,0,0
12/26/2020,145.8,,,,,0,0,0,0,0,0,0,0,0,0
12/26/2020,167.4,,,,,0,0,0,0,0,0,0,0,0,0
12/26/2020,185.4,,,,,0,0,0,0,0,0,0,0,0,0
12/26/2020,185.4,,,,,0,0,0,0,0,0,0,0,0,0
12/26/2020,180,,,,,0,0,0,0,0,0,0,0,0,0
12/26/2020,181.8,,,,,0,0,0,0,0,0,0,0,0,0
12/26/2020,176.4,165.6,,,,0,0,0,0,0,0,0,0,0,0
12/26/2020,167.4,,,,,0,0,0,0,0,0,0,0,0,0
12/26/2020,151.2,,,,,0,0,0,0,0,0,0,0,0,0
12/26/2020,126,,,,,0,0,0,0,0,0,0,0,0,0
12/26/2020,100.8,,,,,0,0,0,0,0,0,0,0,0,0
12/26/2020,86.4,,,,,0,0,0,0,0,0,0,0,0,0
12/26/2020,88.2,,,,,0,0,0,0,0,0,0,0,0,0
12/26/2020,91.8,,,,,0,0,0,0,0,0,0,0,0,0
12/26/2020,91.8,,,,,0,0,0,0,0,0,0,0,0,0
12/26/2020,86.4,,,,,0,0,0,0,0,0,0,0,0,0
12/26/2020,81,,,,,0,0,0,0,0,0,0,0,0,0
12/26/2020,84.6,,,,,0,0,0,0,0,0,0,0,0,0
12/26/2020,91.8,82.8,"Leaf lettuce 120 g
Steamed fish 60 g
Curry potato and chicken 75 g
Coarse grain 50 g",,,0,0,0,0,0,0,0,0,0,0
12/26/2020,97.2,,,,,0,0,0,0,0,0,0,0,0,0
12/26/2020,106.2,,,,,0,0,0,0,0,0,0,0,0,0
12/26/2020,111.6,,,,,0,0,0,0,0,0,0,0,0,0
12/26/2020,111.6,,,,,0,0,0,0,0,0,0,0,0,0
12/26/2020,127.8,,,,,0,0,0,0,0,0,0,0,0,0
12/26/2020,154.8,,,,,0,0,0,0,0,0,0,0,0,0
12/26/2020,158.4,,,,,0,0,0,0,0,0,0,0,0,0
12/26/2020,160.2,122.4,,,,0,0,0,0,0,0,0,0,0,0
12/26/2020,156.6,,"Raddish 125 g
Apple 115 g",,,0,0,0,0,0,0,0,0,0,0
12/26/2020,158.4,,,,,0,0,0,0,0,0,0,0,0,0
12/26/2020,167.4,,,,,0,0,0,0,0,0,0,0,0,0
12/26/2020,165.6,,,,,0,0,0,0,0,0,0,0,0,0
12/26/2020,160.2,,,,,0,0,0,0,0,0,0,0,0,0
12/26/2020,158.4,,,,,0,0,0,0,0,0,0,0,0,0
12/26/2020,154.8,,,,,0,0,0,0,0,0,0,0,0,0
12/26/2020,151.2,,,,,0,0,0,0,0,0,0,0,0,0
12/26/2020,149.4,,,,,0,0,0,0,0,0,0,0,0,0
12/26/2020,144,,,,,0,0,0,0,0,0,0,0,0,0
12/26/2020,140.4,,,,,0,0,0,0,0,0,0,0,0,0
12/26/2020,138.6,,,,,0,0,0,0,0,0,0,0,0,0
12/26/2020,133.2,115.2,,,,0,0,0,0,0,0,0,0,0,0
12/26/2020,131.4,,,,,0,0,0,0,0,0,0,0,0,0
12/26/2020,140.4,,,,,0,0,0,0,0,0,0,0,0,0
12/26/2020,145.8,,,,,0,0,0,0,0,0,0,0,0,0
12/26/2020,144,,,,,0,0,0,0,0,0,0,0,0,0
12/26/2020,142.2,,,,,0,0,0,0,0,0,0,0,0,0
12/26/2020,144,,,,,0,0,0,0,0,0,0,0,0,0
12/26/2020,142.2,,,,,0,0,0,0,0,0,0,0,0,0
12/26/2020,133.2,138.6,,,metformin 850 mg,0,0,0,0,0,0,0,0,0,0
12/26/2020,126,,,,,0,0,0,0,0,0,0,0,0,0
12/26/2020,126,,,,,0,0,0,0,0,0,0,0,0,0
12/26/2020,126,,,,,0,0,0,0,0,0,0,0,0,0
12/26/2020,124.2,,,,,0,0,0,0,0,0,0,0,0,0
12/26/2020,124.2,,,,,0,0,0,0,0,0,0,0,0,0
12/26/2020,127.8,,,,,0,0,0,0,0,0,0,0,0,0
12/26/2020,127.8,133.2,,"insulin degludec, 10 IU",,0,0,0,0,0,0,0,0,0,0
12/26/2020,124.2,,,,,0,0,0,0,0,0,0,0,0,0
12/26/2020,122.4,,,,,0,0,0,0,0,0,0,0,0,0
12/26/2020,120.6,,,,,0,0,0,0,0,0,0,0,0,0
12/26/2020,120.6,,,,,0,0,0,0,0,0,0,0,0,0
12/26/2020,120.6,,,,,0,0,0,0,0,0,0,0,0,0
12/26/2020,118.8,,,,,0,0,0,0,0,0,0,0,0,0
12/26/2020,117,,,,,0,0,0,0,0,0,0,0,0,0
12/26/2020,117,,,,,0,0,0,0,0,0,0,0,0,0
12/26/2020,115.2,,,,,0,0,0,0,0,0,0,0,0,0
12/26/2020,113.4,,,,,0,0,0,0,0,0,0,0,0,0
12/26/2020,109.8,,,,,0,0,0,0,0,0,0,0,0,0
12/27/2020,104.4,,,,,0,0,0,0,0,0,0,0,0,0
12/27/2020,104.4,,,,,0,0,0,0,0,0,0,0,0,0
12/27/2020,108,,,,,0,0,0,0,0,0,0,0,0,0
12/27/2020,108,,,,,0,0,0,0,0,0,0,0,0,0
12/27/2020,102.6,,,,,0,0,0,0,0,0,0,0,0,0
12/27/2020,106.2,,,,,0,0,0,0,0,0,0,0,0,0
12/27/2020,113.4,,,,,0,0,0,0,0,0,0,0,0,0
12/27/2020,115.2,,,,,0,0,0,0,0,0,0,0,0,0
12/27/2020,118.8,,,,,0,0,0,0,0,0,0,0,0,0
12/27/2020,122.4,,,,,0,0,0,0,0,0,0,0,0,0
12/27/2020,129.6,,,,,0,0,0,0,0,0,0,0,0,0
12/27/2020,133.2,,,,,0,0,0,0,0,0,0,0,0,0
12/27/2020,133.2,,,,,0,0,0,0,0,0,0,0,0,0
12/27/2020,129.6,,,,,0,0,0,0,0,0,0,0,0,0
12/27/2020,127.8,,,,,0,0,0,0,0,0,0,0,0,0
12/27/2020,133.2,,,,,0,0,0,0,0,0,0,0,0,0
12/27/2020,136.8,,,,,0,0,0,0,0,0,0,0,0,0
12/27/2020,138.6,,,,,0,0,0,0,0,0,0,0,0,0
12/27/2020,140.4,,,,,0,0,0,0,0,0,0,0,0,0
12/27/2020,136.8,,,,,0,0,0,0,0,0,0,0,0,0
12/27/2020,140.4,,,,,0,0,0,0,0,0,0,0,0,0
12/27/2020,138.6,,,,,0,0,0,0,0,0,0,0,0,0
12/27/2020,129.6,,,,,0,0,0,0,0,0,0,0,0,0
12/27/2020,127.8,,,,,0,0,0,0,0,0,0,0,0,0
12/27/2020,129.6,,,,,0,0,0,0,0,0,0,0,0,0
12/27/2020,129.6,108,,,,0,0,0,0,0,0,0,0,0,0
12/27/2020,122.4,,,,,0,0,0,0,0,0,0,0,0,0
12/27/2020,120.6,,"Preserved egg and tofu 100 g
Black fungus with vinegar 20 g
Goose egg 30 g
Corn porridge 100 g
Soybean milk 290 ml",,,0,0,0,0,0,0,0,0,0,0
12/27/2020,118.8,,,,metformin 850 mg,0,0,0,0,0,0,0,0,0,0
12/27/2020,120.6,,,,,0,0,0,0,0,0,0,0,0,0
12/27/2020,133.2,,,,,0,0,0,0,0,0,0,0,0,0
12/27/2020,147.6,,,,,0,0,0,0,0,0,0,0,0,0
12/27/2020,154.8,,,,,0,0,0,0,0,0,0,0,0,0
12/27/2020,154.8,,,,,0,0,0,0,0,0,0,0,0,0
12/27/2020,145.8,,,,,0,0,0,0,0,0,0,0,0,0
12/27/2020,135,,,,,0,0,0,0,0,0,0,0,0,0
12/27/2020,127.8,99,,,,0,0,0,0,0,0,0,0,0,0
12/27/2020,118.8,,,,,0,0,0,0,0,0,0,0,0,0
12/27/2020,97.2,,,,,0,0,0,0,0,0,0,0,0,0
12/27/2020,79.2,,,,,0,0,0,0,0,0,0,0,0,0
12/27/2020,75.6,,,,,0,0,0,0,0,0,0,0,0,0
12/27/2020,79.2,,,,,0,0,0,0,0,0,0,0,0,0
12/27/2020,84.6,,,,,0,0,0,0,0,0,0,0,0,0
12/27/2020,91.8,,,,,0,0,0,0,0,0,0,0,0,0
12/27/2020,97.2,,,,,0,0,0,0,0,0,0,0,0,0
12/27/2020,95.4,,,,,0,0,0,0,0,0,0,0,0,0
12/27/2020,93.6,,,,,0,0,0,0,0,0,0,0,0,0
12/27/2020,95.4,,,,,0,0,0,0,0,0,0,0,0,0
12/27/2020,97.2,99,"Steamed fish 65 g
Fried fungus, yam and lettuce 75 g
Scrambled egg with leek and bean sprout 100 g",,,0,0,0,0,0,0,0,0,0,0
12/27/2020,104.4,,"Carrot soup 150 g
Coarse grain 50 g",,,0,0,0,0,0,0,0,0,0,0
12/27/2020,118.8,,,,,0,0,0,0,0,0,0,0,0,0
12/27/2020,131.4,,,,,0,0,0,0,0,0,0,0,0,0
12/27/2020,144,,,,,0,0,0,0,0,0,0,0,0,0
12/27/2020,147.6,,,,,0,0,0,0,0,0,0,0,0,0
12/27/2020,144,,,,,0,0,0,0,0,0,0,0,0,0
12/27/2020,142.2,,,,,0,0,0,0,0,0,0,0,0,0
12/27/2020,145.8,135,,,,0,0,0,0,0,0,0,0,0,0
12/27/2020,147.6,,,,,0,0,0,0,0,0,0,0,0,0
12/27/2020,149.4,,,,,0,0,0,0,0,0,0,0,0,0
12/27/2020,147.6,,Latte Coffee 200 ml,,,0,0,0,0,0,0,0,0,0,0
12/27/2020,147.6,,,,,0,0,0,0,0,0,0,0,0,0
12/27/2020,144,,,,,0,0,0,0,0,0,0,0,0,0
12/27/2020,138.6,,,,,0,0,0,0,0,0,0,0,0,0
12/27/2020,135,,,,,0,0,0,0,0,0,0,0,0,0
12/27/2020,129.6,,,,,0,0,0,0,0,0,0,0,0,0
12/27/2020,122.4,,,,,0,0,0,0,0,0,0,0,0,0
12/27/2020,122.4,,,,,0,0,0,0,0,0,0,0,0,0
12/27/2020,118.8,,,,,0,0,0,0,0,0,0,0,0,0
12/27/2020,111.6,111.6,,,,0,0,0,0,0,0,0,0,0,0
12/27/2020,113.4,,"Fried celery and cauliflower 120 g
Luncheon meat 25 g
Radish soup 150 g",,,0,0,0,0,0,0,0,0,0,0
12/27/2020,122.4,,,,metformin 850 mg,0,0,0,0,0,0,0,0,0,0
12/27/2020,126,,,,,0,0,0,0,0,0,0,0,0,0
12/27/2020,129.6,,,,,0,0,0,0,0,0,0,0,0,0
12/27/2020,129.6,,,,,0,0,0,0,0,0,0,0,0,0
12/27/2020,122.4,,,,,0,0,0,0,0,0,0,0,0,0
12/27/2020,118.8,,,,,0,0,0,0,0,0,0,0,0,0
12/27/2020,117,100.8,,,,0,0,0,0,0,0,0,0,0,0
12/27/2020,115.2,,,,,0,0,0,0,0,0,0,0,0,0
12/27/2020,118.8,,,,,0,0,0,0,0,0,0,0,0,0
12/27/2020,120.6,,,,,0,0,0,0,0,0,0,0,0,0
12/27/2020,120.6,,,,,0,0,0,0,0,0,0,0,0,0
12/27/2020,118.8,,,,,0,0,0,0,0,0,0,0,0,0
12/27/2020,117,,,,,0,0,0,0,0,0,0,0,0,0
12/27/2020,117,,,,,0,0,0,0,0,0,0,0,0,0
12/27/2020,113.4,,,,,0,0,0,0,0,0,0,0,0,0
12/27/2020,115.2,,,,,0,0,0,0,0,0,0,0,0,0
12/27/2020,115.2,,,,,0,0,0,0,0,0,0,0,0,0
12/27/2020,113.4,115.2,,"insulin degludec, 8 IU",,0,0,0,0,0,0,0,0,0,0
12/27/2020,115.2,,,,,0,0,0,0,0,0,0,0,0,0
12/27/2020,115.2,,,,,0,0,0,0,0,0,0,0,0,0
12/27/2020,115.2,,,,,0,0,0,0,0,0,0,0,0,0
12/27/2020,115.2,,,,,0,0,0,0,0,0,0,0,0,0
12/27/2020,111.6,,,,,0,0,0,0,0,0,0,0,0,0
12/27/2020,111.6,,,,,0,0,0,0,0,0,0,0,0,0
12/27/2020,109.8,,,,,0,0,0,0,0,0,0,0,0,0
12/27/2020,109.8,,,,,0,0,0,0,0,0,0,0,0,0
12/28/2020,109.8,,,,,0,0,0,0,0,0,0,0,0,0
12/28/2020,109.8,,,,,0,0,0,0,0,0,0,0,0,0
12/28/2020,113.4,,,,,0,0,0,0,0,0,0,0,0,0
12/28/2020,118.8,,,,,0,0,0,0,0,0,0,0,0,0
12/28/2020,118.8,,,,,0,0,0,0,0,0,0,0,0,0
12/28/2020,120.6,,,,,0,0,0,0,0,0,0,0,0,0
12/28/2020,118.8,,,,,0,0,0,0,0,0,0,0,0,0
12/28/2020,120.6,,,,,0,0,0,0,0,0,0,0,0,0
12/28/2020,124.2,,,,,0,0,0,0,0,0,0,0,0,0
12/28/2020,122.4,,,,,0,0,0,0,0,0,0,0,0,0
12/28/2020,118.8,,,,,0,0,0,0,0,0,0,0,0,0
12/28/2020,115.2,,,,,0,0,0,0,0,0,0,0,0,0
12/28/2020,115.2,,,,,0,0,0,0,0,0,0,0,0,0
12/28/2020,118.8,,,,,0,0,0,0,0,0,0,0,0,0
12/28/2020,124.2,,,,,0,0,0,0,0,0,0,0,0,0
12/28/2020,126,,,,,0,0,0,0,0,0,0,0,0,0
12/28/2020,124.2,,,,,0,0,0,0,0,0,0,0,0,0
12/28/2020,129.6,,,,,0,0,0,0,0,0,0,0,0,0
12/28/2020,136.8,,,,,0,0,0,0,0,0,0,0,0,0
12/28/2020,133.2,,,,,0,0,0,0,0,0,0,0,0,0
12/28/2020,133.2,,,,,0,0,0,0,0,0,0,0,0,0
12/28/2020,133.2,,,,,0,0,0,0,0,0,0,0,0,0
12/28/2020,129.6,,,,,0,0,0,0,0,0,0,0,0,0
12/28/2020,129.6,,,,,0,0,0,0,0,0,0,0,0,0
12/28/2020,127.8,113.4,"Bread 20 g
Egg 43 g
Ham 45 g
Soybean milk 290 ml
Vegetable with sauce 20 g",,,0,0,0,0,0,0,0,0,0,0
12/28/2020,129.6,,,,metformin 850 mg,0,0,0,0,0,0,0,0,0,0
12/28/2020,138.6,,,,,0,0,0,0,0,0,0,0,0,0
12/28/2020,149.4,,,,,0,0,0,0,0,0,0,0,0,0
12/28/2020,156.6,,,,,0,0,0,0,0,0,0,0,0,0
12/28/2020,151.2,,,,,0,0,0,0,0,0,0,0,0,0
12/28/2020,140.4,,,,,0,0,0,0,0,0,0,0,0,0
12/28/2020,138.6,,,,,0,0,0,0,0,0,0,0,0,0
12/28/2020,138.6,126,,,,0,0,0,0,0,0,0,0,0,0
12/28/2020,133.2,,,,,0,0,0,0,0,0,0,0,0,0
12/28/2020,131.4,,,,,0,0,0,0,0,0,0,0,0,0
12/28/2020,126,,,,,0,0,0,0,0,0,0,0,0,0
12/28/2020,111.6,,,,,0,0,0,0,0,0,0,0,0,0
12/28/2020,100.8,,,,,0,0,0,0,0,0,0,0,0,0
12/28/2020,95.4,,,,,0,0,0,0,0,0,0,0,0,0
12/28/2020,95.4,,,,,0,0,0,0,0,0,0,0,0,0
12/28/2020,97.2,,,,,0,0,0,0,0,0,0,0,0,0
12/28/2020,97.2,,,,,0,0,0,0,0,0,0,0,0,0
12/28/2020,100.8,,Apple 125 g,,,0,0,0,0,0,0,0,0,0,0
12/28/2020,104.4,,,,,0,0,0,0,0,0,0,0,0,0
12/28/2020,111.6,,,,,0,0,0,0,0,0,0,0,0,0
12/28/2020,120.6,,,,,0,0,0,0,0,0,0,0,0,0
12/28/2020,120.6,,,,,0,0,0,0,0,0,0,0,0,0
12/28/2020,113.4,,,,,0,0,0,0,0,0,0,0,0,0
12/28/2020,113.4,,,,,0,0,0,0,0,0,0,0,0,0
12/28/2020,109.8,95.4,"Meal replacement powder  35 g
Milk 250 ml",,,0,0,0,0,0,0,0,0,0,0
12/28/2020,113.4,,,,,0,0,0,0,0,0,0,0,0,0
12/28/2020,131.4,,,,,0,0,0,0,0,0,0,0,0,0
12/28/2020,145.8,,,,,0,0,0,0,0,0,0,0,0,0
12/28/2020,149.4,,,,,0,0,0,0,0,0,0,0,0,0
12/28/2020,151.2,,,,,0,0,0,0,0,0,0,0,0,0
12/28/2020,147.6,,,,,0,0,0,0,0,0,0,0,0,0
12/28/2020,129.6,,,,,0,0,0,0,0,0,0,0,0,0
12/28/2020,118.8,108,,,,0,0,0,0,0,0,0,0,0,0
12/28/2020,120.6,,,,,0,0,0,0,0,0,0,0,0,0
12/28/2020,118.8,,,,,0,0,0,0,0,0,0,0,0,0
12/28/2020,113.4,,Orange 48 g,,,0,0,0,0,0,0,0,0,0,0
12/28/2020,111.6,,,,,0,0,0,0,0,0,0,0,0,0
12/28/2020,111.6,,,,,0,0,0,0,0,0,0,0,0,0
12/28/2020,109.8,,,,,0,0,0,0,0,0,0,0,0,0
12/28/2020,106.2,,,,,0,0,0,0,0,0,0,0,0,0
12/28/2020,102.6,,,,,0,0,0,0,0,0,0,0,0,0
12/28/2020,102.6,,,,,0,0,0,0,0,0,0,0,0,0
12/28/2020,95.4,,,,,0,0,0,0,0,0,0,0,0,0
12/28/2020,93.6,,,,,0,0,0,0,0,0,0,0,0,0
12/28/2020,93.6,,,,,0,0,0,0,0,0,0,0,0,0
12/28/2020,95.4,,,,,0,0,0,0,0,0,0,0,0,0
12/28/2020,99,,,,,0,0,0,0,0,0,0,0,0,0
12/28/2020,102.6,115.2,"Boiled shrimp 43 g
Fried Celery and cabbage 100 g
Fried tofu 100 g
Fungus and yam porridge 150 g",,,0,0,0,0,0,0,0,0,0,0
12/28/2020,106.2,,,,metformin 850 mg,0,0,0,0,0,0,0,0,0,0
12/28/2020,115.2,,,,,0,0,0,0,0,0,0,0,0,0
12/28/2020,129.6,,,,,0,0,0,0,0,0,0,0,0,0
12/28/2020,131.4,,,,,0,0,0,0,0,0,0,0,0,0
12/28/2020,129.6,,,,,0,0,0,0,0,0,0,0,0,0
12/28/2020,127.8,,,,,0,0,0,0,0,0,0,0,0,0
12/28/2020,126,,,,,0,0,0,0,0,0,0,0,0,0
12/28/2020,122.4,109.8,,,,0,0,0,0,0,0,0,0,0,0
12/28/2020,120.6,,,,,0,0,0,0,0,0,0,0,0,0
12/28/2020,115.2,,,,,0,0,0,0,0,0,0,0,0,0
12/28/2020,117,,,,,0,0,0,0,0,0,0,0,0,0
12/28/2020,120.6,,,,,0,0,0,0,0,0,0,0,0,0
12/28/2020,122.4,,,,,0,0,0,0,0,0,0,0,0,0
12/28/2020,126,,,,,0,0,0,0,0,0,0,0,0,0
12/28/2020,122.4,,,,,0,0,0,0,0,0,0,0,0,0
12/28/2020,111.6,104.4,,"insulin degludec, 6 IU",,0,0,0,0,0,0,0,0,0,0
12/28/2020,111.6,,,,,0,0,0,0,0,0,0,0,0,0
12/28/2020,113.4,,,,,0,0,0,0,0,0,0,0,0,0
12/28/2020,113.4,,,,,0,0,0,0,0,0,0,0,0,0
12/28/2020,111.6,,,,,0,0,0,0,0,0,0,0,0,0
12/28/2020,109.8,,,,,0,0,0,0,0,0,0,0,0,0
12/28/2020,106.2,,,,,0,0,0,0,0,0,0,0,0,0
12/28/2020,102.6,,,,,0,0,0,0,0,0,0,0,0,0
12/29/2020,100.8,,,,,0,0,0,0,0,0,0,0,0,0
12/29/2020,100.8,,,,,0,0,0,0,0,0,0,0,0,0
12/29/2020,99,,,,,0,0,0,0,0,0,0,0,0,0
12/29/2020,97.2,,,,,0,0,0,0,0,0,0,0,0,0
12/29/2020,97.2,,,,,0,0,0,0,0,0,0,0,0,0
12/29/2020,97.2,,,,,0,0,0,0,0,0,0,0,0,0
12/29/2020,93.6,,,,,0,0,0,0,0,0,0,0,0,0
12/29/2020,95.4,,,,,0,0,0,0,0,0,0,0,0,0
12/29/2020,99,,,,,0,0,0,0,0,0,0,0,0,0
12/29/2020,104.4,,,,,0,0,0,0,0,0,0,0,0,0
12/29/2020,113.4,,,,,0,0,0,0,0,0,0,0,0,0
12/29/2020,115.2,,,,,0,0,0,0,0,0,0,0,0,0
12/29/2020,113.4,,,,,0,0,0,0,0,0,0,0,0,0
12/29/2020,113.4,,,,,0,0,0,0,0,0,0,0,0,0
12/29/2020,118.8,,,,,0,0,0,0,0,0,0,0,0,0
12/29/2020,124.2,,,,,0,0,0,0,0,0,0,0,0,0
12/29/2020,129.6,,,,,0,0,0,0,0,0,0,0,0,0
12/29/2020,135,,,,,0,0,0,0,0,0,0,0,0,0
12/29/2020,136.8,,,,,0,0,0,0,0,0,0,0,0,0
12/29/2020,135,,,,,0,0,0,0,0,0,0,0,0,0
12/29/2020,131.4,,,,,0,0,0,0,0,0,0,0,0,0
12/29/2020,138.6,,,,,0,0,0,0,0,0,0,0,0,0
12/29/2020,138.6,,,,,0,0,0,0,0,0,0,0,0,0
12/29/2020,133.2,,,,,0,0,0,0,0,0,0,0,0,0
12/29/2020,133.2,124.2,,,,0,0,0,0,0,0,0,0,0,0
12/29/2020,136.8,,"Boiled egg 43 g
Corn porridge 100 g
Soybean milk 290 g
 Black fungus with vinegar 30 g",,,0,0,0,0,0,0,0,0,0,0
12/29/2020,151.2,,,,metformin 850 mg,0,0,0,0,0,0,0,0,0,0
12/29/2020,160.2,,,,,0,0,0,0,0,0,0,0,0,0
12/29/2020,156.6,,,,,0,0,0,0,0,0,0,0,0,0
12/29/2020,151.2,,,,,0,0,0,0,0,0,0,0,0,0
12/29/2020,138.6,,,,,0,0,0,0,0,0,0,0,0,0
12/29/2020,135,,,,,0,0,0,0,0,0,0,0,0,0
12/29/2020,133.2,,,,,0,0,0,0,0,0,0,0,0,0
12/29/2020,129.6,131.4,,,,0,0,0,0,0,0,0,0,0,0
12/29/2020,126,,,,,0,0,0,0,0,0,0,0,0,0
12/29/2020,117,,,,,0,0,0,0,0,0,0,0,0,0
12/29/2020,97.2,,,,,0,0,0,0,0,0,0,0,0,0
12/29/2020,84.6,,,,,0,0,0,0,0,0,0,0,0,0
12/29/2020,84.6,,,,,0,0,0,0,0,0,0,0,0,0
12/29/2020,88.2,,,,,0,0,0,0,0,0,0,0,0,0
12/29/2020,86.4,,Raddish 105 g,,,0,0,0,0,0,0,0,0,0,0
12/29/2020,88.2,,,,,0,0,0,0,0,0,0,0,0,0
12/29/2020,95.4,,,,,0,0,0,0,0,0,0,0,0,0
12/29/2020,100.8,,,,,0,0,0,0,0,0,0,0,0,0
12/29/2020,102.6,,,,,0,0,0,0,0,0,0,0,0,0
12/29/2020,102.6,,,,,0,0,0,0,0,0,0,0,0,0
12/29/2020,99,,,,,0,0,0,0,0,0,0,0,0,0
12/29/2020,97.2,,,,,0,0,0,0,0,0,0,0,0,0
12/29/2020,95.4,113.4,"Meal replacement powder  35 g
Milk 200 ml",,,0,0,0,0,0,0,0,0,0,0
12/29/2020,106.2,,,,,0,0,0,0,0,0,0,0,0,0
12/29/2020,131.4,,,,,0,0,0,0,0,0,0,0,0,0
12/29/2020,147.6,,,,,0,0,0,0,0,0,0,0,0,0
12/29/2020,147.6,,,,,0,0,0,0,0,0,0,0,0,0
12/29/2020,158.4,,,,,0,0,0,0,0,0,0,0,0,0
12/29/2020,158.4,,,,,0,0,0,0,0,0,0,0,0,0
12/29/2020,145.8,,,,,0,0,0,0,0,0,0,0,0,0
12/29/2020,136.8,140.4,,,,0,0,0,0,0,0,0,0,0,0
12/29/2020,129.6,,,,,0,0,0,0,0,0,0,0,0,0
12/29/2020,124.2,,,,,0,0,0,0,0,0,0,0,0,0
12/29/2020,117,,,,,0,0,0,0,0,0,0,0,0,0
12/29/2020,109.8,,,,,0,0,0,0,0,0,0,0,0,0
12/29/2020,99,,,,,0,0,0,0,0,0,0,0,0,0
12/29/2020,91.8,,,,,0,0,0,0,0,0,0,0,0,0
12/29/2020,88.2,,,,,0,0,0,0,0,0,0,0,0,0
12/29/2020,82.8,,,,,0,0,0,0,0,0,0,0,0,0
12/29/2020,79.2,,,,,0,0,0,0,0,0,0,0,0,0
12/29/2020,82.8,,,,,0,0,0,0,0,0,0,0,0,0
12/29/2020,86.4,,,,,0,0,0,0,0,0,0,0,0,0
12/29/2020,88.2,,,,,0,0,0,0,0,0,0,0,0,0
12/29/2020,91.8,,,,,0,0,0,0,0,0,0,0,0,0
12/29/2020,93.6,,,,,0,0,0,0,0,0,0,0,0,0
12/29/2020,93.6,,,,,0,0,0,0,0,0,0,0,0,0
12/29/2020,93.6,86.4,,,,0,0,0,0,0,0,0,0,0,0
12/29/2020,97.2,,"Boiled shrimp 42 g
Fried lettuce 60 g
Fried fungus and zucchini 100 g
Fungus and yam porridge 150 g",,,0,0,0,0,0,0,0,0,0,0
12/29/2020,104.4,,,,metformin 850 mg,0,0,0,0,0,0,0,0,0,0
12/29/2020,115.2,,,,,0,0,0,0,0,0,0,0,0,0
12/29/2020,127.8,,,,,0,0,0,0,0,0,0,0,0,0
12/29/2020,131.4,,,,,0,0,0,0,0,0,0,0,0,0
12/29/2020,129.6,,,,,0,0,0,0,0,0,0,0,0,0
12/29/2020,133.2,,,,,0,0,0,0,0,0,0,0,0,0
12/29/2020,131.4,127.8,,,,0,0,0,0,0,0,0,0,0,0
12/29/2020,127.8,,,,,0,0,0,0,0,0,0,0,0,0
12/29/2020,124.2,,,,,0,0,0,0,0,0,0,0,0,0
12/29/2020,118.8,,,,,0,0,0,0,0,0,0,0,0,0
12/29/2020,111.6,,,,,0,0,0,0,0,0,0,0,0,0
12/29/2020,109.8,,,,,0,0,0,0,0,0,0,0,0,0
12/29/2020,113.4,,,,,0,0,0,0,0,0,0,0,0,0
12/29/2020,113.4,,,,,0,0,0,0,0,0,0,0,0,0
12/29/2020,106.2,95.4,,"insulin degludec, 6 IU",,0,0,0,0,0,0,0,0,0,0
12/29/2020,102.6,,,,,0,0,0,0,0,0,0,0,0,0
12/29/2020,97.2,,,,,0,0,0,0,0,0,0,0,0,0
12/29/2020,95.4,,,,,0,0,0,0,0,0,0,0,0,0
12/29/2020,95.4,,,,,0,0,0,0,0,0,0,0,0,0
12/29/2020,93.6,,,,,0,0,0,0,0,0,0,0,0,0
12/29/2020,91.8,,,,,0,0,0,0,0,0,0,0,0,0
12/29/2020,90,,,,,0,0,0,0,0,0,0,0,0,0
12/30/2020,88.2,,,,,0,0,0,0,0,0,0,0,0,0
12/30/2020,88.2,,,,,0,0,0,0,0,0,0,0,0,0
12/30/2020,88.2,,,,,0,0,0,0,0,0,0,0,0,0
12/30/2020,90,,,,,0,0,0,0,0,0,0,0,0,0
12/30/2020,88.2,,,,,0,0,0,0,0,0,0,0,0,0
12/30/2020,93.6,,,,,0,0,0,0,0,0,0,0,0,0
12/30/2020,104.4,,,,,0,0,0,0,0,0,0,0,0,0
12/30/2020,109.8,,,,,0,0,0,0,0,0,0,0,0,0
12/30/2020,111.6,,,,,0,0,0,0,0,0,0,0,0,0
12/30/2020,109.8,,,,,0,0,0,0,0,0,0,0,0,0
12/30/2020,106.2,,,,,0,0,0,0,0,0,0,0,0,0
12/30/2020,108,,,,,0,0,0,0,0,0,0,0,0,0
12/30/2020,108,,,,,0,0,0,0,0,0,0,0,0,0
12/30/2020,113.4,,,,,0,0,0,0,0,0,0,0,0,0
12/30/2020,127.8,,,,,0,0,0,0,0,0,0,0,0,0
12/30/2020,131.4,,,,,0,0,0,0,0,0,0,0,0,0
12/30/2020,133.2,,,,,0,0,0,0,0,0,0,0,0,0
12/30/2020,131.4,,,,,0,0,0,0,0,0,0,0,0,0
12/30/2020,118.8,,,,,0,0,0,0,0,0,0,0,0,0
12/30/2020,118.8,,,,,0,0,0,0,0,0,0,0,0,0
12/30/2020,127.8,,,,,0,0,0,0,0,0,0,0,0,0
12/30/2020,127.8,,,,,0,0,0,0,0,0,0,0,0,0
12/30/2020,135,,,,,0,0,0,0,0,0,0,0,0,0
12/30/2020,142.2,,,,,0,0,0,0,0,0,0,0,0,0
12/30/2020,147.6,,,,,0,0,0,0,0,0,0,0,0,0
12/30/2020,149.4,147.6,,,,0,0,0,0,0,0,0,0,0,0
12/30/2020,145.8,,,,,0,0,0,0,0,0,0,0,0,0
12/30/2020,140.4,,,,,0,0,0,0,0,0,0,0,0,0
12/30/2020,131.4,,,,,0,0,0,0,0,0,0,0,0,0
12/30/2020,118.8,,,,,0,0,0,0,0,0,0,0,0,0
12/30/2020,113.4,,,,,0,0,0,0,0,0,0,0,0,0
12/30/2020,115.2,,,,,0,0,0,0,0,0,0,0,0,0
12/30/2020,115.2,,,,,0,0,0,0,0,0,0,0,0,0
12/30/2020,117,,,,,0,0,0,0,0,0,0,0,0,0
12/30/2020,115.2,,,,,0,0,0,0,0,0,0,0,0,0
12/30/2020,109.8,,,,,0,0,0,0,0,0,0,0,0,0
12/30/2020,102.6,,,,,0,0,0,0,0,0,0,0,0,0
12/30/2020,100.8,,,,,0,0,0,0,0,0,0,0,0,0
12/30/2020,97.2,,,,,0,0,0,0,0,0,0,0,0,0
12/30/2020,95.4,,"Boiled egg 39 g
Soybean milk 290 g
Luncheon meat 45 g ",,,0,0,0,0,0,0,0,0,0,0
12/30/2020,100.8,,,,metformin 850 mg,0,0,0,0,0,0,0,0,0,0
12/30/2020,111.6,,,,,0,0,0,0,0,0,0,0,0,0
12/30/2020,118.8,,,,,0,0,0,0,0,0,0,0,0,0
12/30/2020,122.4,,,,,0,0,0,0,0,0,0,0,0,0
12/30/2020,126,,,,,0,0,0,0,0,0,0,0,0,0
12/30/2020,126,,,,,0,0,0,0,0,0,0,0,0,0
12/30/2020,129.6,,,,,0,0,0,0,0,0,0,0,0,0
12/30/2020,131.4,131.4,,,,0,0,0,0,0,0,0,0,0,0
12/30/2020,131.4,,"Wax gourd 100 g
Zucchini and sliced pork 100 g
Instant noodles 100 g",,,0,0,0,0,0,0,0,0,0,0
12/30/2020,149.4,,,,,0,0,0,0,0,0,0,0,0,0
12/30/2020,167.4,,,,,0,0,0,0,0,0,0,0,0,0
12/30/2020,162,,,,,0,0,0,0,0,0,0,0,0,0
12/30/2020,151.2,,,,,0,0,0,0,0,0,0,0,0,0
12/30/2020,154.8,,,,,0,0,0,0,0,0,0,0,0,0
12/30/2020,165.6,,,,,0,0,0,0,0,0,0,0,0,0
12/30/2020,158.4,156.6,,,,0,0,0,0,0,0,0,0,0,0
12/30/2020,142.2,,,,,0,0,0,0,0,0,0,0,0,0
12/30/2020,129.6,,,,,0,0,0,0,0,0,0,0,0,0
12/30/2020,115.2,,,,,0,0,0,0,0,0,0,0,0,0
12/30/2020,106.2,,,,,0,0,0,0,0,0,0,0,0,0
12/30/2020,115.2,,,,,0,0,0,0,0,0,0,0,0,0
12/30/2020,129.6,,,,,0,0,0,0,0,0,0,0,0,0
12/30/2020,136.8,,,,,0,0,0,0,0,0,0,0,0,0
12/30/2020,131.4,,,,,0,0,0,0,0,0,0,0,0,0
12/30/2020,118.8,,Coffee 350 ml,,,0,0,0,0,0,0,0,0,0,0
12/30/2020,117,,,,,0,0,0,0,0,0,0,0,0,0
12/30/2020,115.2,,,,,0,0,0,0,0,0,0,0,0,0
12/30/2020,117,,,,,0,0,0,0,0,0,0,0,0,0
12/30/2020,122.4,,,,,0,0,0,0,0,0,0,0,0,0
12/30/2020,109.8,,,,,0,0,0,0,0,0,0,0,0,0
12/30/2020,95.4,,,,,0,0,0,0,0,0,0,0,0,0
12/30/2020,95.4,,,,,0,0,0,0,0,0,0,0,0,0
12/30/2020,99,,,,,0,0,0,0,0,0,0,0,0,0
12/30/2020,102.6,108,"Fried mushroom and green pepper 150 g
Fungus and yam porridge 150 g",,,0,0,0,0,0,0,0,0,0,0
12/30/2020,102.6,,,,metformin 850 mg,0,0,0,0,0,0,0,0,0,0
12/30/2020,104.4,,,,,0,0,0,0,0,0,0,0,0,0
12/30/2020,109.8,,,,,0,0,0,0,0,0,0,0,0,0
12/30/2020,117,,,,,0,0,0,0,0,0,0,0,0,0
12/30/2020,122.4,,,,,0,0,0,0,0,0,0,0,0,0
12/30/2020,124.2,,,,,0,0,0,0,0,0,0,0,0,0
12/30/2020,126,,,,,0,0,0,0,0,0,0,0,0,0
12/30/2020,122.4,,,,,0,0,0,0,0,0,0,0,0,0
12/30/2020,120.6,,,,,0,0,0,0,0,0,0,0,0,0
12/30/2020,118.8,104.4,,,,0,0,0,0,0,0,0,0,0,0
12/30/2020,117,,,,,0,0,0,0,0,0,0,0,0,0
12/30/2020,115.2,,,,,0,0,0,0,0,0,0,0,0,0
12/30/2020,115.2,,,,,0,0,0,0,0,0,0,0,0,0
12/30/2020,120.6,97.2,,"insulin degludec, 6 IU",,0,0,0,0,0,0,0,0,0,0
12/30/2020,120.6,,,,,0,0,0,0,0,0,0,0,0,0
12/30/2020,120.6,,,,,0,0,0,0,0,0,0,0,0,0
12/30/2020,115.2,,,,,0,0,0,0,0,0,0,0,0,0
12/30/2020,113.4,,,,,0,0,0,0,0,0,0,0,0,0
12/30/2020,113.4,,,,,0,0,0,0,0,0,0,0,0,0
12/30/2020,113.4,,,,,0,0,0,0,0,0,0,0,0,0
12/30/2020,111.6,,,,,0,0,0,0,0,0,0,0,0,0
12/30/2020,111.6,,,,,0,0,0,0,0,0,0,0,0,0
12/31/2020,113.4,,,,,0,0,0,0,0,0,0,0,0,0
12/31/2020,113.4,,,,,0,0,0,0,0,0,0,0,0,0
12/31/2020,111.6,,,,,0,0,0,0,0,0,0,0,0,0
12/31/2020,109.8,,,,,0,0,0,0,0,0,0,0,0,0
12/31/2020,106.2,,,,,0,0,0,0,0,0,0,0,0,0
12/31/2020,108,,,,,0,0,0,0,0,0,0,0,0,0
12/31/2020,109.8,,,,,0,0,0,0,0,0,0,0,0,0
12/31/2020,109.8,,,,,0,0,0,0,0,0,0,0,0,0
12/31/2020,109.8,,,,,0,0,0,0,0,0,0,0,0,0
12/31/2020,113.4,,,,,0,0,0,0,0,0,0,0,0,0
12/31/2020,118.8,,,,,0,0,0,0,0,0,0,0,0,0
12/31/2020,120.6,,,,,0,0,0,0,0,0,0,0,0,0
12/31/2020,120.6,,,,,0,0,0,0,0,0,0,0,0,0
12/31/2020,120.6,,,,,0,0,0,0,0,0,0,0,0,0
12/31/2020,122.4,,,,,0,0,0,0,0,0,0,0,0,0
12/31/2020,127.8,,,,,0,0,0,0,0,0,0,0,0,0
12/31/2020,129.6,,,,,0,0,0,0,0,0,0,0,0,0
12/31/2020,133.2,,,,,0,0,0,0,0,0,0,0,0,0
12/31/2020,138.6,,,,,0,0,0,0,0,0,0,0,0,0
12/31/2020,142.2,,,,,0,0,0,0,0,0,0,0,0,0
12/31/2020,149.4,,,,,0,0,0,0,0,0,0,0,0,0
12/31/2020,154.8,,,,,0,0,0,0,0,0,0,0,0,0
12/31/2020,147.6,,,,,0,0,0,0,0,0,0,0,0,0
12/31/2020,136.8,,,,,0,0,0,0,0,0,0,0,0,0
12/31/2020,133.2,,,,,0,0,0,0,0,0,0,0,0,0
12/31/2020,136.8,149.4,"Boiled egg 40 g
Soybean milk 290 g
Luncheon meat 25 g 
Goose egg 45 g
Luncheon meat 25 g",,,0,0,0,0,0,0,0,0,0,0
12/31/2020,136.8,,,,metformin 850 mg,0,0,0,0,0,0,0,0,0,0
12/31/2020,142.2,,,,,0,0,0,0,0,0,0,0,0,0
12/31/2020,154.8,,,,,0,0,0,0,0,0,0,0,0,0
12/31/2020,151.2,,,,,0,0,0,0,0,0,0,0,0,0
12/31/2020,144,,,,,0,0,0,0,0,0,0,0,0,0
12/31/2020,136.8,,,,,0,0,0,0,0,0,0,0,0,0
12/31/2020,129.6,,,,,0,0,0,0,0,0,0,0,0,0
12/31/2020,129.6,131.4,,,,0,0,0,0,0,0,0,0,0,0
12/31/2020,127.8,,,,,0,0,0,0,0,0,0,0,0,0
12/31/2020,120.6,,,,,0,0,0,0,0,0,0,0,0,0
12/31/2020,108,,,,,0,0,0,0,0,0,0,0,0,0
12/31/2020,95.4,,,,,0,0,0,0,0,0,0,0,0,0
12/31/2020,86.4,,,,,0,0,0,0,0,0,0,0,0,0
12/31/2020,81,,,,,0,0,0,0,0,0,0,0,0,0
12/31/2020,77.4,,,,,0,0,0,0,0,0,0,0,0,0
12/31/2020,79.2,,,,,0,0,0,0,0,0,0,0,0,0
12/31/2020,82.8,,,,,0,0,0,0,0,0,0,0,0,0
12/31/2020,81,,,,,0,0,0,0,0,0,0,0,0,0
12/31/2020,84.6,,Apple 125 g,,,0,0,0,0,0,0,0,0,0,0
12/31/2020,100.8,,,,,0,0,0,0,0,0,0,0,0,0
12/31/2020,120.6,,,,,0,0,0,0,0,0,0,0,0,0
12/31/2020,127.8,,,,,0,0,0,0,0,0,0,0,0,0
12/31/2020,122.4,,,,,0,0,0,0,0,0,0,0,0,0
12/31/2020,118.8,,,,,0,0,0,0,0,0,0,0,0,0
12/31/2020,127.8,,,,,0,0,0,0,0,0,0,0,0,0
12/31/2020,136.8,142.2,,,,0,0,0,0,0,0,0,0,0,0
12/31/2020,135,,"Boiled shrimp 30 g
Curry chicken 75 g
Coarse grain 60 g",,,0,0,0,0,0,0,0,0,0,0
12/31/2020,129.6,,,,,0,0,0,0,0,0,0,0,0,0
12/31/2020,124.2,,,,,0,0,0,0,0,0,0,0,0,0
12/31/2020,122.4,,,,,0,0,0,0,0,0,0,0,0,0
12/31/2020,122.4,,,,,0,0,0,0,0,0,0,0,0,0
12/31/2020,136.8,,,,,0,0,0,0,0,0,0,0,0,0
12/31/2020,151.2,,,,,0,0,0,0,0,0,0,0,0,0
12/31/2020,154.8,,,,,0,0,0,0,0,0,0,0,0,0
12/31/2020,151.2,120.6,,,,0,0,0,0,0,0,0,0,0,0
12/31/2020,144,,,,,0,0,0,0,0,0,0,0,0,0
12/31/2020,140.4,,,,,0,0,0,0,0,0,0,0,0,0
12/31/2020,142.2,,,,,0,0,0,0,0,0,0,0,0,0
12/31/2020,138.6,,,,,0,0,0,0,0,0,0,0,0,0
12/31/2020,136.8,,,,,0,0,0,0,0,0,0,0,0,0
12/31/2020,133.2,,,,,0,0,0,0,0,0,0,0,0,0
12/31/2020,126,,,,,0,0,0,0,0,0,0,0,0,0
12/31/2020,124.2,,,,,0,0,0,0,0,0,0,0,0,0
12/31/2020,124.2,,,,,0,0,0,0,0,0,0,0,0,0
12/31/2020,129.6,,,,,0,0,0,0,0,0,0,0,0,0
12/31/2020,142.2,,,,,0,0,0,0,0,0,0,0,0,0
12/31/2020,144,,,,,0,0,0,0,0,0,0,0,0,0
12/31/2020,135,145.8,"Boiled shrimp 25 g
Fried carrot, fungus and cabbage 120 g
Fried vegetable 125 g
Yam and fungus porridge 200 g",,,0,0,0,0,0,0,0,0,0,0
12/31/2020,133.2,,,,metformin 850 mg,0,0,0,0,0,0,0,0,0,0
12/31/2020,138.6,,,,,0,0,0,0,0,0,0,0,0,0
12/31/2020,145.8,,,,,0,0,0,0,0,0,0,0,0,0
12/31/2020,145.8,,,,,0,0,0,0,0,0,0,0,0,0
12/31/2020,138.6,,,,,0,0,0,0,0,0,0,0,0,0
12/31/2020,136.8,,,,,0,0,0,0,0,0,0,0,0,0
12/31/2020,136.8,,,,,0,0,0,0,0,0,0,0,0,0
12/31/2020,129.6,,,,,0,0,0,0,0,0,0,0,0,0
12/31/2020,122.4,,,,,0,0,0,0,0,0,0,0,0,0
12/31/2020,120.6,,,,,0,0,0,0,0,0,0,0,0,0
12/31/2020,115.2,,,,,0,0,0,0,0,0,0,0,0,0
12/31/2020,113.4,,,,,0,0,0,0,0,0,0,0,0,0
12/31/2020,109.8,,,,,0,0,0,0,0,0,0,0,0,0
12/31/2020,104.4,102.6,,"insulin degludec, 6 IU",,0,0,0,0,0,0,0,0,0,0
12/31/2020,99,,,,,0,0,0,0,0,0,0,0,0,0
12/31/2020,102.6,,,,,0,0,0,0,0,0,0,0,0,0
12/31/2020,104.4,,,,,0,0,0,0,0,0,0,0,0,0
12/31/2020,100.8,,,,,0,0,0,0,0,0,0,0,0,0
12/31/2020,100.8,,,,,0,0,0,0,0,0,0,0,0,0
12/31/2020,100.8,,,,,0,0,0,0,0,0,0,0,0,0
12/31/2020,100.8,,,,,0,0,0,0,0,0,0,0,0,0
12/31/2020,97.2,,,,,0,0,0,0,0,0,0,0,0,0
1/1/2021,97.2,,,,,0,0,0,0,0,0,0,0,0,0
1/1/2021,97.2,,,,,0,0,0,0,0,0,0,0,0,0
1/1/2021,97.2,,,,,0,0,0,0,0,0,0,0,0,0
1/1/2021,95.4,,,,,0,0,0,0,0,0,0,0,0,0
1/1/2021,93.6,,,,,0,0,0,0,0,0,0,0,0,0
1/1/2021,93.6,,,,,0,0,0,0,0,0,0,0,0,0
1/1/2021,95.4,,,,,0,0,0,0,0,0,0,0,0,0
1/1/2021,97.2,,,,,0,0,0,0,0,0,0,0,0,0
1/1/2021,97.2,,,,,0,0,0,0,0,0,0,0,0,0
1/1/2021,97.2,,,,,0,0,0,0,0,0,0,0,0,0
1/1/2021,100.8,,,,,0,0,0,0,0,0,0,0,0,0
1/1/2021,104.4,,,,,0,0,0,0,0,0,0,0,0,0
1/1/2021,106.2,,,,,0,0,0,0,0,0,0,0,0,0
1/1/2021,109.8,,,,,0,0,0,0,0,0,0,0,0,0
1/1/2021,113.4,,,,,0,0,0,0,0,0,0,0,0,0
1/1/2021,111.6,,,,,0,0,0,0,0,0,0,0,0,0
1/1/2021,113.4,,,,,0,0,0,0,0,0,0,0,0,0
1/1/2021,117,,,,,0,0,0,0,0,0,0,0,0,0
1/1/2021,113.4,,,,,0,0,0,0,0,0,0,0,0,0
1/1/2021,111.6,,,,,0,0,0,0,0,0,0,0,0,0
1/1/2021,115.2,,,,,0,0,0,0,0,0,0,0,0,0
1/1/2021,122.4,,,,,0,0,0,0,0,0,0,0,0,0
1/1/2021,127.8,,,,,0,0,0,0,0,0,0,0,0,0
1/1/2021,131.4,,,,,0,0,0,0,0,0,0,0,0,0
1/1/2021,138.6,,,,,0,0,0,0,0,0,0,0,0,0
1/1/2021,136.8,,,,,0,0,0,0,0,0,0,0,0,0
1/1/2021,131.4,136.8,,,,0,0,0,0,0,0,0,0,0,0
1/1/2021,131.4,,,,,0,0,0,0,0,0,0,0,0,0
1/1/2021,122.4,,,,,0,0,0,0,0,0,0,0,0,0
1/1/2021,117,,,,,0,0,0,0,0,0,0,0,0,0
1/1/2021,118.8,,,,,0,0,0,0,0,0,0,0,0,0
1/1/2021,120.6,,,,,0,0,0,0,0,0,0,0,0,0
1/1/2021,120.6,,,,,0,0,0,0,0,0,0,0,0,0
1/1/2021,120.6,,"Steamed vegetable bread 250 g
Soybean milk 290 g",,,0,0,0,0,0,0,0,0,0,0
1/1/2021,135,,,,metformin 850 mg,0,0,0,0,0,0,0,0,0,0
1/1/2021,158.4,,,,,0,0,0,0,0,0,0,0,0,0
1/1/2021,167.4,,,,,0,0,0,0,0,0,0,0,0,0
1/1/2021,171,,,,,0,0,0,0,0,0,0,0,0,0
1/1/2021,178.2,,,,,0,0,0,0,0,0,0,0,0,0
1/1/2021,174.6,,,,,0,0,0,0,0,0,0,0,0,0
1/1/2021,167.4,,,,,0,0,0,0,0,0,0,0,0,0
1/1/2021,160.2,149.4,,,,0,0,0,0,0,0,0,0,0,0
1/1/2021,154.8,,,,,0,0,0,0,0,0,0,0,0,0
1/1/2021,147.6,,,,,0,0,0,0,0,0,0,0,0,0
1/1/2021,133.2,,Apple 125 g ,,,0,0,0,0,0,0,0,0,0,0
1/1/2021,127.8,,,,,0,0,0,0,0,0,0,0,0,0
1/1/2021,127.8,,,,,0,0,0,0,0,0,0,0,0,0
1/1/2021,118.8,,,,,0,0,0,0,0,0,0,0,0,0
1/1/2021,102.6,,,,,0,0,0,0,0,0,0,0,0,0
1/1/2021,99,,,,,0,0,0,0,0,0,0,0,0,0
1/1/2021,97.2,,,,,0,0,0,0,0,0,0,0,0,0
1/1/2021,93.6,82.8,"Chinese sauerkraut 250 g
Pig feet 8 g
Duck leg 20 g",,,0,0,0,0,0,0,0,0,0,0
1/1/2021,93.6,,,,,0,0,0,0,0,0,0,0,0,0
1/1/2021,88.2,,,,,0,0,0,0,0,0,0,0,0,0
1/1/2021,82.8,,,,,0,0,0,0,0,0,0,0,0,0
1/1/2021,79.2,,,,,0,0,0,0,0,0,0,0,0,0
1/1/2021,77.4,,,,,0,0,0,0,0,0,0,0,0,0
1/1/2021,79.2,,,,,0,0,0,0,0,0,0,0,0,0
1/1/2021,82.8,,,,,0,0,0,0,0,0,0,0,0,0
1/1/2021,86.4,75.6,,,,0,0,0,0,0,0,0,0,0,0
1/1/2021,86.4,,Apple 90 g,,,0,0,0,0,0,0,0,0,0,0
1/1/2021,91.8,,,,,0,0,0,0,0,0,0,0,0,0
1/1/2021,104.4,,,,,0,0,0,0,0,0,0,0,0,0
1/1/2021,111.6,,,,,0,0,0,0,0,0,0,0,0,0
1/1/2021,115.2,,,,,0,0,0,0,0,0,0,0,0,0
1/1/2021,115.2,,,,,0,0,0,0,0,0,0,0,0,0
1/1/2021,113.4,,,,,0,0,0,0,0,0,0,0,0,0
1/1/2021,120.6,,,,,0,0,0,0,0,0,0,0,0,0
1/1/2021,129.6,,,,,0,0,0,0,0,0,0,0,0,0
1/1/2021,133.2,,,,,0,0,0,0,0,0,0,0,0,0
1/1/2021,136.8,,,,,0,0,0,0,0,0,0,0,0,0
1/1/2021,138.6,,,,,0,0,0,0,0,0,0,0,0,0
1/1/2021,135,,,,,0,0,0,0,0,0,0,0,0,0
1/1/2021,129.6,,,,,0,0,0,0,0,0,0,0,0,0
1/1/2021,124.2,,,,,0,0,0,0,0,0,0,0,0,0
1/1/2021,113.4,,,,,0,0,0,0,0,0,0,0,0,0
1/1/2021,97.2,,,,,0,0,0,0,0,0,0,0,0,0
1/1/2021,88.2,,,,,0,0,0,0,0,0,0,0,0,0
1/1/2021,88.2,86.4,Steamed vegetable stuffed dumpling 138 g,,,0,0,0,0,0,0,0,0,0,0
1/1/2021,88.2,,,,metformin 850 mg,0,0,0,0,0,0,0,0,0,0
1/1/2021,95.4,,,,,0,0,0,0,0,0,0,0,0,0
1/1/2021,102.6,,,,,0,0,0,0,0,0,0,0,0,0
1/1/2021,109.8,,,,,0,0,0,0,0,0,0,0,0,0
1/1/2021,115.2,,,,,0,0,0,0,0,0,0,0,0,0
1/1/2021,118.8,,,,,0,0,0,0,0,0,0,0,0,0
1/1/2021,124.2,,,"insulin degludec, 8 IU",,0,0,0,0,0,0,0,0,0,0
1/1/2021,122.4,113.4,,,,0,0,0,0,0,0,0,0,0,0
1/1/2021,118.8,,,,,0,0,0,0,0,0,0,0,0,0
1/1/2021,122.4,,,,,0,0,0,0,0,0,0,0,0,0
1/1/2021,124.2,,,,,0,0,0,0,0,0,0,0,0,0
1/1/2021,122.4,,,,,0,0,0,0,0,0,0,0,0,0
1/1/2021,120.6,,,,,0,0,0,0,0,0,0,0,0,0
1/1/2021,115.2,,,,,0,0,0,0,0,0,0,0,0,0
1/1/2021,111.6,,,,,0,0,0,0,0,0,0,0,0,0
1/1/2021,109.8,,,,,0,0,0,0,0,0,0,0,0,0
1/1/2021,109.8,,,,,0,0,0,0,0,0,0,0,0,0
1/2/2021,106.2,,,,,0,0,0,0,0,0,0,0,0,0
1/2/2021,104.4,,,,,0,0,0,0,0,0,0,0,0,0
1/2/2021,104.4,,,,,0,0,0,0,0,0,0,0,0,0
1/2/2021,104.4,,,,,0,0,0,0,0,0,0,0,0,0
1/2/2021,102.6,,,,,0,0,0,0,0,0,0,0,0,0
1/2/2021,106.2,,,,,0,0,0,0,0,0,0,0,0,0
1/2/2021,117,,,,,0,0,0,0,0,0,0,0,0,0
1/2/2021,122.4,,,,,0,0,0,0,0,0,0,0,0,0
1/2/2021,118.8,,,,,0,0,0,0,0,0,0,0,0,0
1/2/2021,111.6,,,,,0,0,0,0,0,0,0,0,0,0
1/2/2021,111.6,,,,,0,0,0,0,0,0,0,0,0,0
1/2/2021,113.4,,,,,0,0,0,0,0,0,0,0,0,0
1/2/2021,115.2,,,,,0,0,0,0,0,0,0,0,0,0
1/2/2021,111.6,,,,,0,0,0,0,0,0,0,0,0,0
1/2/2021,104.4,,,,,0,0,0,0,0,0,0,0,0,0
1/2/2021,106.2,,,,,0,0,0,0,0,0,0,0,0,0
1/2/2021,115.2,,,,,0,0,0,0,0,0,0,0,0,0
1/2/2021,115.2,,,,,0,0,0,0,0,0,0,0,0,0
1/2/2021,113.4,,,,,0,0,0,0,0,0,0,0,0,0
1/2/2021,118.8,,,,,0,0,0,0,0,0,0,0,0,0
1/2/2021,122.4,,,,,0,0,0,0,0,0,0,0,0,0
1/2/2021,124.2,,,,,0,0,0,0,0,0,0,0,0,0
1/2/2021,127.8,,,,,0,0,0,0,0,0,0,0,0,0
1/2/2021,127.8,,,,,0,0,0,0,0,0,0,0,0,0
1/2/2021,129.6,,,,,0,0,0,0,0,0,0,0,0,0
1/2/2021,126,104.4,,,,0,0,0,0,0,0,0,0,0,0
1/2/2021,118.8,,,,,0,0,0,0,0,0,0,0,0,0
1/2/2021,120.6,,,,,0,0,0,0,0,0,0,0,0,0
1/2/2021,120.6,,,,,0,0,0,0,0,0,0,0,0,0
1/2/2021,113.4,,,,,0,0,0,0,0,0,0,0,0,0
1/2/2021,109.8,,"Vegetable pancake 145 g
Soybean milk 290 g
Chinese cabbage and tofu soup 150 g",,,0,0,0,0,0,0,0,0,0,0
1/2/2021,111.6,,,,metformin 850 mg,0,0,0,0,0,0,0,0,0,0
1/2/2021,127.8,,,,,0,0,0,0,0,0,0,0,0,0
1/2/2021,144,,,,,0,0,0,0,0,0,0,0,0,0
1/2/2021,156.6,,,,,0,0,0,0,0,0,0,0,0,0
1/2/2021,156.6,,,,,0,0,0,0,0,0,0,0,0,0
1/2/2021,145.8,,,,,0,0,0,0,0,0,0,0,0,0
1/2/2021,145.8,,,,,0,0,0,0,0,0,0,0,0,0
1/2/2021,142.2,138.6,,,,0,0,0,0,0,0,0,0,0,0
1/2/2021,135,,,,,0,0,0,0,0,0,0,0,0,0
1/2/2021,124.2,,,,,0,0,0,0,0,0,0,0,0,0
1/2/2021,118.8,,,,,0,0,0,0,0,0,0,0,0,0
1/2/2021,108,,,,,0,0,0,0,0,0,0,0,0,0
1/2/2021,93.6,,,,,0,0,0,0,0,0,0,0,0,0
1/2/2021,86.4,,,,,0,0,0,0,0,0,0,0,0,0
1/2/2021,95.4,,Latte coffee 480 ml,,,0,0,0,0,0,0,0,0,0,0
1/2/2021,108,,,,,0,0,0,0,0,0,0,0,0,0
1/2/2021,109.8,,,,,0,0,0,0,0,0,0,0,0,0
1/2/2021,104.4,,,,,0,0,0,0,0,0,0,0,0,0
1/2/2021,100.8,,,,,0,0,0,0,0,0,0,0,0,0
1/2/2021,102.6,,,,,0,0,0,0,0,0,0,0,0,0
1/2/2021,104.4,,,,,0,0,0,0,0,0,0,0,0,0
1/2/2021,111.6,,,,,0,0,0,0,0,0,0,0,0,0
1/2/2021,109.8,,,,,0,0,0,0,0,0,0,0,0,0
1/2/2021,102.6,84.6,,,,0,0,0,0,0,0,0,0,0,0
1/2/2021,104.4,,Taro 110 g,,,0,0,0,0,0,0,0,0,0,0
1/2/2021,115.2,,,,,0,0,0,0,0,0,0,0,0,0
1/2/2021,136.8,,,,,0,0,0,0,0,0,0,0,0,0
1/2/2021,158.4,,,,,0,0,0,0,0,0,0,0,0,0
1/2/2021,169.2,,,,,0,0,0,0,0,0,0,0,0,0
1/2/2021,165.6,,,,,0,0,0,0,0,0,0,0,0,0
1/2/2021,153,,,,,0,0,0,0,0,0,0,0,0,0
1/2/2021,140.4,138.6,,,,0,0,0,0,0,0,0,0,0,0
1/2/2021,138.6,,Apple 120 g,,,0,0,0,0,0,0,0,0,0,0
1/2/2021,138.6,,,,,0,0,0,0,0,0,0,0,0,0
1/2/2021,140.4,,,,,0,0,0,0,0,0,0,0,0,0
1/2/2021,142.2,,,,,0,0,0,0,0,0,0,0,0,0
1/2/2021,140.4,,,,,0,0,0,0,0,0,0,0,0,0
1/2/2021,136.8,,,,,0,0,0,0,0,0,0,0,0,0
1/2/2021,133.2,,,,,0,0,0,0,0,0,0,0,0,0
1/2/2021,133.2,127.8,"Boiled sliced mutton 50 g
Braised duck with soy sauce 50 g
Fried leek,egg and bean sprout 100 g
Fried celery and cauliflower 100 g",,,0,0,0,0,0,0,0,0,0,0
1/2/2021,133.2,,,,metformin 850 mg,0,0,0,0,0,0,0,0,0,0
1/2/2021,124.2,,,,,0,0,0,0,0,0,0,0,0,0
1/2/2021,108,,,,,0,0,0,0,0,0,0,0,0,0
1/2/2021,88.2,,,,,0,0,0,0,0,0,0,0,0,0
1/2/2021,81,,,,,0,0,0,0,0,0,0,0,0,0
1/2/2021,88.2,,,,,0,0,0,0,0,0,0,0,0,0
1/2/2021,95.4,,,,,0,0,0,0,0,0,0,0,0,0
1/2/2021,97.2,,,,,0,0,0,0,0,0,0,0,0,0
1/2/2021,100.8,88.2,,,,0,0,0,0,0,0,0,0,0,0
1/2/2021,102.6,,,,,0,0,0,0,0,0,0,0,0,0
1/2/2021,106.2,,,,,0,0,0,0,0,0,0,0,0,0
1/2/2021,106.2,,,,,0,0,0,0,0,0,0,0,0,0
1/2/2021,109.8,,,,,0,0,0,0,0,0,0,0,0,0
1/2/2021,109.8,,,,,0,0,0,0,0,0,0,0,0,0
1/2/2021,109.8,,,,,0,0,0,0,0,0,0,0,0,0
1/2/2021,109.8,,,,,0,0,0,0,0,0,0,0,0,0
1/2/2021,106.2,,,,,0,0,0,0,0,0,0,0,0,0
1/2/2021,106.2,115.2,,"insulin degludec, 6 IU",,0,0,0,0,0,0,0,0,0,0
1/2/2021,109.8,,,,,0,0,0,0,0,0,0,0,0,0
1/2/2021,113.4,,,,,0,0,0,0,0,0,0,0,0,0
1/2/2021,117,,,,,0,0,0,0,0,0,0,0,0,0
1/2/2021,111.6,,,,,0,0,0,0,0,0,0,0,0,0
1/2/2021,108,,,,,0,0,0,0,0,0,0,0,0,0
1/2/2021,106.2,,,,,0,0,0,0,0,0,0,0,0,0
1/2/2021,106.2,,,,,0,0,0,0,0,0,0,0,0,0
1/3/2021,104.4,,,,,0,0,0,0,0,0,0,0,0,0
1/3/2021,102.6,,,,,0,0,0,0,0,0,0,0,0,0
1/3/2021,100.8,,,,,0,0,0,0,0,0,0,0,0,0
1/3/2021,97.2,,,,,0,0,0,0,0,0,0,0,0,0
1/3/2021,97.2,,,,,0,0,0,0,0,0,0,0,0,0
1/3/2021,97.2,,,,,0,0,0,0,0,0,0,0,0,0
1/3/2021,97.2,,,,,0,0,0,0,0,0,0,0,0,0
1/3/2021,95.4,,,,,0,0,0,0,0,0,0,0,0,0
1/3/2021,91.8,,,,,0,0,0,0,0,0,0,0,0,0
1/3/2021,90,,,,,0,0,0,0,0,0,0,0,0,0
1/3/2021,93.6,,,,,0,0,0,0,0,0,0,0,0,0
1/3/2021,100.8,,,,,0,0,0,0,0,0,0,0,0,0
1/3/2021,100.8,,,,,0,0,0,0,0,0,0,0,0,0
1/3/2021,104.4,,,,,0,0,0,0,0,0,0,0,0,0
1/3/2021,108,,,,,0,0,0,0,0,0,0,0,0,0
1/3/2021,106.2,,,,,0,0,0,0,0,0,0,0,0,0
1/3/2021,104.4,,,,,0,0,0,0,0,0,0,0,0,0
1/3/2021,104.4,,,,,0,0,0,0,0,0,0,0,0,0
1/3/2021,106.2,,,,,0,0,0,0,0,0,0,0,0,0
1/3/2021,108,,,,,0,0,0,0,0,0,0,0,0,0
1/3/2021,111.6,,,,,0,0,0,0,0,0,0,0,0,0
1/3/2021,118.8,,,,,0,0,0,0,0,0,0,0,0,0
1/3/2021,120.6,,,,,0,0,0,0,0,0,0,0,0,0
1/3/2021,122.4,,,,,0,0,0,0,0,0,0,0,0,0
1/3/2021,124.2,,,,,0,0,0,0,0,0,0,0,0,0
1/3/2021,122.4,106.2,,,,0,0,0,0,0,0,0,0,0,0
1/3/2021,117,,,,,0,0,0,0,0,0,0,0,0,0
1/3/2021,118.8,,,,,0,0,0,0,0,0,0,0,0,0
1/3/2021,118.8,,,,,0,0,0,0,0,0,0,0,0,0
1/3/2021,115.2,,"Taro 75 g
Soybean milk 290 g
Egg 44 g
Fungus porridge 100 g",,,0,0,0,0,0,0,0,0,0,0
1/3/2021,122.4,,,,metformin 850 mg,0,0,0,0,0,0,0,0,0,0
1/3/2021,138.6,,,,,0,0,0,0,0,0,0,0,0,0
1/3/2021,154.8,,,,,0,0,0,0,0,0,0,0,0,0
1/3/2021,167.4,,,,,0,0,0,0,0,0,0,0,0,0
1/3/2021,154.8,,,,,0,0,0,0,0,0,0,0,0,0
1/3/2021,126,,,,,0,0,0,0,0,0,0,0,0,0
1/3/2021,99,,,,,0,0,0,0,0,0,0,0,0,0
1/3/2021,88.2,75.6,,,,0,0,0,0,0,0,0,0,0,0
1/3/2021,88.2,,Apple 125 g,,,0,0,0,0,0,0,0,0,0,0
1/3/2021,91.8,,,,,0,0,0,0,0,0,0,0,0,0
1/3/2021,97.2,,,,,0,0,0,0,0,0,0,0,0,0
1/3/2021,100.8,,,,,0,0,0,0,0,0,0,0,0,0
1/3/2021,106.2,,,,,0,0,0,0,0,0,0,0,0,0
1/3/2021,106.2,,,,,0,0,0,0,0,0,0,0,0,0
1/3/2021,106.2,,,,,0,0,0,0,0,0,0,0,0,0
1/3/2021,108,,,,,0,0,0,0,0,0,0,0,0,0
1/3/2021,104.4,,,,,0,0,0,0,0,0,0,0,0,0
1/3/2021,102.6,120.6,"Red pepper fish fillets 200 g
Fried onion and muttion 50 g
Radish soup 200 g
Taro 74 g",,,0,0,0,0,0,0,0,0,0,0
1/3/2021,102.6,,,,,0,0,0,0,0,0,0,0,0,0
1/3/2021,102.6,,,,,0,0,0,0,0,0,0,0,0,0
1/3/2021,106.2,,,,,0,0,0,0,0,0,0,0,0,0
1/3/2021,115.2,,,,,0,0,0,0,0,0,0,0,0,0
1/3/2021,111.6,,,,,0,0,0,0,0,0,0,0,0,0
1/3/2021,99,,,,,0,0,0,0,0,0,0,0,0,0
1/3/2021,97.2,,,,,0,0,0,0,0,0,0,0,0,0
1/3/2021,106.2,111.6,,,,0,0,0,0,0,0,0,0,0,0
1/3/2021,113.4,,,,,0,0,0,0,0,0,0,0,0,0
1/3/2021,113.4,,,,,0,0,0,0,0,0,0,0,0,0
1/3/2021,118.8,,,,,0,0,0,0,0,0,0,0,0,0
1/3/2021,127.8,,,,,0,0,0,0,0,0,0,0,0,0
1/3/2021,135,,,,,0,0,0,0,0,0,0,0,0,0
1/3/2021,131.4,,,,,0,0,0,0,0,0,0,0,0,0
1/3/2021,127.8,,,,,0,0,0,0,0,0,0,0,0,0
1/3/2021,124.2,,,,,0,0,0,0,0,0,0,0,0,0
1/3/2021,124.2,,,,,0,0,0,0,0,0,0,0,0,0
1/3/2021,124.2,,,,,0,0,0,0,0,0,0,0,0,0
1/3/2021,111.6,,,,,0,0,0,0,0,0,0,0,0,0
1/3/2021,109.8,,,,,0,0,0,0,0,0,0,0,0,0
1/3/2021,115.2,,,,,0,0,0,0,0,0,0,0,0,0
1/3/2021,118.8,,,,,0,0,0,0,0,0,0,0,0,0
1/3/2021,124.2,,,,,0,0,0,0,0,0,0,0,0,0
1/3/2021,131.4,,,,,0,0,0,0,0,0,0,0,0,0
1/3/2021,136.8,133.2,"Scrambled egg with onion 75 g
Tofu 55 g
Taro 65 g
Radish soup 125 g",,,0,0,0,0,0,0,0,0,0,0
1/3/2021,133.2,,,,metformin 850 mg,0,0,0,0,0,0,0,0,0,0
1/3/2021,131.4,,,,,0,0,0,0,0,0,0,0,0,0
1/3/2021,140.4,,,,,0,0,0,0,0,0,0,0,0,0
1/3/2021,140.4,,,,,0,0,0,0,0,0,0,0,0,0
1/3/2021,133.2,,,,,0,0,0,0,0,0,0,0,0,0
1/3/2021,135,,,,,0,0,0,0,0,0,0,0,0,0
1/3/2021,136.8,,,,,0,0,0,0,0,0,0,0,0,0
1/3/2021,138.6,,,,,0,0,0,0,0,0,0,0,0,0
1/3/2021,144,,,,,0,0,0,0,0,0,0,0,0,0
1/3/2021,149.4,,,,,0,0,0,0,0,0,0,0,0,0
1/3/2021,149.4,,,,,0,0,0,0,0,0,0,0,0,0
1/3/2021,151.2,,,,,0,0,0,0,0,0,0,0,0,0
1/3/2021,151.2,,,,,0,0,0,0,0,0,0,0,0,0
1/3/2021,151.2,,,,,0,0,0,0,0,0,0,0,0,0
1/3/2021,147.6,135,,"insulin degludec, 6 IU",,0,0,0,0,0,0,0,0,0,0
1/3/2021,145.8,,,,,0,0,0,0,0,0,0,0,0,0
1/3/2021,147.6,,,,,0,0,0,0,0,0,0,0,0,0
1/3/2021,145.8,,,,,0,0,0,0,0,0,0,0,0,0
1/3/2021,140.4,,,,,0,0,0,0,0,0,0,0,0,0
1/3/2021,133.2,,,,,0,0,0,0,0,0,0,0,0,0
1/3/2021,127.8,,,,,0,0,0,0,0,0,0,0,0,0
1/3/2021,122.4,,,,,0,0,0,0,0,0,0,0,0,0
1/3/2021,118.8,,,,,0,0,0,0,0,0,0,0,0,0
1/4/2021,115.2,,,,,0,0,0,0,0,0,0,0,0,0
1/4/2021,111.6,,,,,0,0,0,0,0,0,0,0,0,0
1/4/2021,108,,,,,0,0,0,0,0,0,0,0,0,0
1/4/2021,104.4,,,,,0,0,0,0,0,0,0,0,0,0
1/4/2021,102.6,,,,,0,0,0,0,0,0,0,0,0,0
1/4/2021,102.6,,,,,0,0,0,0,0,0,0,0,0,0
1/4/2021,102.6,,,,,0,0,0,0,0,0,0,0,0,0
1/4/2021,104.4,,,,,0,0,0,0,0,0,0,0,0,0
1/4/2021,106.2,,,,,0,0,0,0,0,0,0,0,0,0
1/4/2021,113.4,,,,,0,0,0,0,0,0,0,0,0,0
1/4/2021,118.8,,,,,0,0,0,0,0,0,0,0,0,0
1/4/2021,117,,,,,0,0,0,0,0,0,0,0,0,0
1/4/2021,113.4,,,,,0,0,0,0,0,0,0,0,0,0
1/4/2021,111.6,,,,,0,0,0,0,0,0,0,0,0,0
1/4/2021,109.8,,,,,0,0,0,0,0,0,0,0,0,0
1/4/2021,108,,,,,0,0,0,0,0,0,0,0,0,0
1/4/2021,108,,,,,0,0,0,0,0,0,0,0,0,0
1/4/2021,106.2,,,,,0,0,0,0,0,0,0,0,0,0
1/4/2021,109.8,,,,,0,0,0,0,0,0,0,0,0,0
1/4/2021,115.2,,,,,0,0,0,0,0,0,0,0,0,0
1/4/2021,118.8,,,,,0,0,0,0,0,0,0,0,0,0
1/4/2021,129.6,,,,,0,0,0,0,0,0,0,0,0,0
1/4/2021,131.4,,,,,0,0,0,0,0,0,0,0,0,0
1/4/2021,127.8,,,,,0,0,0,0,0,0,0,0,0,0
1/4/2021,133.2,,,,,0,0,0,0,0,0,0,0,0,0
1/4/2021,138.6,135,"Noodles with olive vegetable and pepper 130 g
Soybean milk 390 ml",,,0,0,0,0,0,0,0,0,0,0
1/4/2021,138.6,,,,metformin 850 mg,0,0,0,0,0,0,0,0,0,0
1/4/2021,142.2,,,,,0,0,0,0,0,0,0,0,0,0
1/4/2021,151.2,,,,,0,0,0,0,0,0,0,0,0,0
1/4/2021,151.2,,,,,0,0,0,0,0,0,0,0,0,0
1/4/2021,142.2,,,,,0,0,0,0,0,0,0,0,0,0
1/4/2021,135,,,,,0,0,0,0,0,0,0,0,0,0
1/4/2021,135,,,,,0,0,0,0,0,0,0,0,0,0
1/4/2021,135,124.2,,,,0,0,0,0,0,0,0,0,0,0
1/4/2021,124.2,,,,,0,0,0,0,0,0,0,0,0,0
1/4/2021,115.2,,,,,0,0,0,0,0,0,0,0,0,0
1/4/2021,120.6,,,,,0,0,0,0,0,0,0,0,0,0
1/4/2021,122.4,,,,,0,0,0,0,0,0,0,0,0,0
1/4/2021,118.8,,,,,0,0,0,0,0,0,0,0,0,0
1/4/2021,117,,,,,0,0,0,0,0,0,0,0,0,0
1/4/2021,109.8,,,,,0,0,0,0,0,0,0,0,0,0
1/4/2021,99,,,,,0,0,0,0,0,0,0,0,0,0
1/4/2021,97.2,,,,,0,0,0,0,0,0,0,0,0,0
1/4/2021,100.8,,,,,0,0,0,0,0,0,0,0,0,0
1/4/2021,104.4,,,,,0,0,0,0,0,0,0,0,0,0
1/4/2021,109.8,,,,,0,0,0,0,0,0,0,0,0,0
1/4/2021,109.8,,,,,0,0,0,0,0,0,0,0,0,0
1/4/2021,102.6,,,,,0,0,0,0,0,0,0,0,0,0
1/4/2021,95.4,,,,,0,0,0,0,0,0,0,0,0,0
1/4/2021,93.6,,,,,0,0,0,0,0,0,0,0,0,0
1/4/2021,97.2,,,,,0,0,0,0,0,0,0,0,0,0
1/4/2021,99,,,,,0,0,0,0,0,0,0,0,0,0
1/4/2021,99,,,,,0,0,0,0,0,0,0,0,0,0
1/4/2021,97.2,75.6,"Meal replacement powder  35 g
Milk 250 ml",,,0,0,0,0,0,0,0,0,0,0
1/4/2021,97.2,,,,,0,0,0,0,0,0,0,0,0,0
1/4/2021,108,,,,,0,0,0,0,0,0,0,0,0,0
1/4/2021,122.4,,,,,0,0,0,0,0,0,0,0,0,0
1/4/2021,133.2,,,,,0,0,0,0,0,0,0,0,0,0
1/4/2021,135,,,,,0,0,0,0,0,0,0,0,0,0
1/4/2021,133.2,,,,,0,0,0,0,0,0,0,0,0,0
1/4/2021,129.6,,,,,0,0,0,0,0,0,0,0,0,0
1/4/2021,127.8,111.6,,,,0,0,0,0,0,0,0,0,0,0
1/4/2021,124.2,,,,,0,0,0,0,0,0,0,0,0,0
1/4/2021,124.2,,,,,0,0,0,0,0,0,0,0,0,0
1/4/2021,122.4,,,,,0,0,0,0,0,0,0,0,0,0
1/4/2021,115.2,,,,,0,0,0,0,0,0,0,0,0,0
1/4/2021,111.6,,,,,0,0,0,0,0,0,0,0,0,0
1/4/2021,111.6,,,,,0,0,0,0,0,0,0,0,0,0
1/4/2021,111.6,,,,,0,0,0,0,0,0,0,0,0,0
1/4/2021,108,,,,,0,0,0,0,0,0,0,0,0,0
1/4/2021,104.4,,,,,0,0,0,0,0,0,0,0,0,0
1/4/2021,97.2,,,,,0,0,0,0,0,0,0,0,0,0
1/4/2021,97.2,,,,,0,0,0,0,0,0,0,0,0,0
1/4/2021,97.2,,,,,0,0,0,0,0,0,0,0,0,0
1/4/2021,93.6,77.4,"Fungus porridge 150 g
Fried vegetable 100 g
Scrambled egg with bean sprout and leek  100 g",,,0,0,0,0,0,0,0,0,0,0
1/4/2021,93.6,,,,metformin 850 mg,0,0,0,0,0,0,0,0,0,0
1/4/2021,95.4,,,,,0,0,0,0,0,0,0,0,0,0
1/4/2021,102.6,,,,,0,0,0,0,0,0,0,0,0,0
1/4/2021,109.8,,,,,0,0,0,0,0,0,0,0,0,0
1/4/2021,111.6,,,,,0,0,0,0,0,0,0,0,0,0
1/4/2021,117,,,,,0,0,0,0,0,0,0,0,0,0
1/4/2021,117,,,,,0,0,0,0,0,0,0,0,0,0
1/4/2021,100.8,120.6,,,,0,0,0,0,0,0,0,0,0,0
1/4/2021,99,,,,,0,0,0,0,0,0,0,0,0,0
1/4/2021,104.4,,,,,0,0,0,0,0,0,0,0,0,0
1/4/2021,104.4,,,,,0,0,0,0,0,0,0,0,0,0
1/4/2021,104.4,,,,,0,0,0,0,0,0,0,0,0,0
1/4/2021,102.6,102.6,,"insulin degludec, 4 IU",,0,0,0,0,0,0,0,0,0,0
1/4/2021,100.8,,,,,0,0,0,0,0,0,0,0,0,0
1/4/2021,104.4,,,,,0,0,0,0,0,0,0,0,0,0
1/4/2021,102.6,,,,,0,0,0,0,0,0,0,0,0,0
1/4/2021,99,,,,,0,0,0,0,0,0,0,0,0,0
1/4/2021,95.4,,,,,0,0,0,0,0,0,0,0,0,0
1/4/2021,95.4,,,,,0,0,0,0,0,0,0,0,0,0
1/4/2021,95.4,,,,,0,0,0,0,0,0,0,0,0,0
1/4/2021,93.6,,,,,0,0,0,0,0,0,0,0,0,0
1/5/2021,93.6,,,,,0,0,0,0,0,0,0,0,0,0
1/5/2021,91.8,,,,,0,0,0,0,0,0,0,0,0,0
1/5/2021,91.8,,,,,0,0,0,0,0,0,0,0,0,0
1/5/2021,91.8,,,,,0,0,0,0,0,0,0,0,0,0
1/5/2021,93.6,,,,,0,0,0,0,0,0,0,0,0,0
1/5/2021,95.4,,,,,0,0,0,0,0,0,0,0,0,0
1/5/2021,93.6,,,,,0,0,0,0,0,0,0,0,0,0
1/5/2021,93.6,,,,,0,0,0,0,0,0,0,0,0,0
1/5/2021,93.6,,,,,0,0,0,0,0,0,0,0,0,0
1/5/2021,91.8,,,,,0,0,0,0,0,0,0,0,0,0
1/5/2021,95.4,,,,,0,0,0,0,0,0,0,0,0,0
1/5/2021,104.4,,,,,0,0,0,0,0,0,0,0,0,0
1/5/2021,111.6,,,,,0,0,0,0,0,0,0,0,0,0
1/5/2021,109.8,,,,,0,0,0,0,0,0,0,0,0,0
1/5/2021,104.4,,,,,0,0,0,0,0,0,0,0,0,0
1/5/2021,104.4,,,,,0,0,0,0,0,0,0,0,0,0
1/5/2021,108,,,,,0,0,0,0,0,0,0,0,0,0
1/5/2021,111.6,,,,,0,0,0,0,0,0,0,0,0,0
1/5/2021,115.2,,,,,0,0,0,0,0,0,0,0,0,0
1/5/2021,124.2,,,,,0,0,0,0,0,0,0,0,0,0
1/5/2021,126,,,,,0,0,0,0,0,0,0,0,0,0
1/5/2021,122.4,,,,,0,0,0,0,0,0,0,0,0,0
1/5/2021,118.8,,,,,0,0,0,0,0,0,0,0,0,0
1/5/2021,120.6,,,,,0,0,0,0,0,0,0,0,0,0
1/5/2021,124.2,129.6,"Egg 42 g
Luncheon meat 30 g
Bread 50 g
Soybean milk 390 ml",,,0,0,0,0,0,0,0,0,0,0
1/5/2021,126,,,,metformin 850 mg,0,0,0,0,0,0,0,0,0,0
1/5/2021,127.8,,,,,0,0,0,0,0,0,0,0,0,0
1/5/2021,135,,,,,0,0,0,0,0,0,0,0,0,0
1/5/2021,142.2,,,,,0,0,0,0,0,0,0,0,0,0
1/5/2021,140.4,,,,,0,0,0,0,0,0,0,0,0,0
1/5/2021,131.4,,,,,0,0,0,0,0,0,0,0,0,0
1/5/2021,124.2,,,,,0,0,0,0,0,0,0,0,0,0
1/5/2021,126,,,,,0,0,0,0,0,0,0,0,0,0
1/5/2021,136.8,122.4,,,,0,0,0,0,0,0,0,0,0,0
1/5/2021,136.8,,,,,0,0,0,0,0,0,0,0,0,0
1/5/2021,135,,,,,0,0,0,0,0,0,0,0,0,0
1/5/2021,138.6,,,,,0,0,0,0,0,0,0,0,0,0
1/5/2021,136.8,,,,,0,0,0,0,0,0,0,0,0,0
1/5/2021,131.4,,,,,0,0,0,0,0,0,0,0,0,0
1/5/2021,124.2,,,,,0,0,0,0,0,0,0,0,0,0
1/5/2021,104.4,,,,,0,0,0,0,0,0,0,0,0,0
1/5/2021,84.6,,,,,0,0,0,0,0,0,0,0,0,0
1/5/2021,84.6,,,,,0,0,0,0,0,0,0,0,0,0
1/5/2021,93.6,,,,,0,0,0,0,0,0,0,0,0,0
1/5/2021,102.6,,,,,0,0,0,0,0,0,0,0,0,0
1/5/2021,109.8,,,,,0,0,0,0,0,0,0,0,0,0
1/5/2021,108,,,,,0,0,0,0,0,0,0,0,0,0
1/5/2021,108,,,,,0,0,0,0,0,0,0,0,0,0
1/5/2021,109.8,,,,,0,0,0,0,0,0,0,0,0,0
1/5/2021,104.4,82.8,"Meal replacement powder  35 g
Milk 200 ml",,,0,0,0,0,0,0,0,0,0,0
1/5/2021,102.6,,,,,0,0,0,0,0,0,0,0,0,0
1/5/2021,106.2,,,,,0,0,0,0,0,0,0,0,0,0
1/5/2021,113.4,,,,,0,0,0,0,0,0,0,0,0,0
1/5/2021,124.2,,,,,0,0,0,0,0,0,0,0,0,0
1/5/2021,127.8,,,,,0,0,0,0,0,0,0,0,0,0
1/5/2021,124.2,,,,,0,0,0,0,0,0,0,0,0,0
1/5/2021,120.6,,,,,0,0,0,0,0,0,0,0,0,0
1/5/2021,117,113.4,,,,0,0,0,0,0,0,0,0,0,0
1/5/2021,109.8,,,,,0,0,0,0,0,0,0,0,0,0
1/5/2021,106.2,,,,,0,0,0,0,0,0,0,0,0,0
1/5/2021,106.2,,,,,0,0,0,0,0,0,0,0,0,0
1/5/2021,104.4,,,,,0,0,0,0,0,0,0,0,0,0
1/5/2021,108,,,,,0,0,0,0,0,0,0,0,0,0
1/5/2021,111.6,,,,,0,0,0,0,0,0,0,0,0,0
1/5/2021,113.4,,,,,0,0,0,0,0,0,0,0,0,0
1/5/2021,115.2,,,,,0,0,0,0,0,0,0,0,0,0
1/5/2021,115.2,,,,,0,0,0,0,0,0,0,0,0,0
1/5/2021,113.4,,,,,0,0,0,0,0,0,0,0,0,0
1/5/2021,111.6,,,,,0,0,0,0,0,0,0,0,0,0
1/5/2021,113.4,,,,,0,0,0,0,0,0,0,0,0,0
1/5/2021,109.8,,,,,0,0,0,0,0,0,0,0,0,0
1/5/2021,106.2,,,,,0,0,0,0,0,0,0,0,0,0
1/5/2021,104.4,,,,,0,0,0,0,0,0,0,0,0,0
1/5/2021,102.6,115.2,"Fried tofu 60 g
Fried cabbage and celery 100 g
Fried zucchini with ham sausage 100 g
Fungus porridge 150 g",,,0,0,0,0,0,0,0,0,0,0
1/5/2021,104.4,,,,metformin 850 mg,0,0,0,0,0,0,0,0,0,0
1/5/2021,111.6,,,,,0,0,0,0,0,0,0,0,0,0
1/5/2021,115.2,,,,,0,0,0,0,0,0,0,0,0,0
1/5/2021,120.6,,,,,0,0,0,0,0,0,0,0,0,0
1/5/2021,126,,,,,0,0,0,0,0,0,0,0,0,0
1/5/2021,127.8,,,,,0,0,0,0,0,0,0,0,0,0
1/5/2021,120.6,,,,,0,0,0,0,0,0,0,0,0,0
1/5/2021,113.4,111.6,,,,0,0,0,0,0,0,0,0,0,0
1/5/2021,113.4,,,,,0,0,0,0,0,0,0,0,0,0
1/5/2021,115.2,,,,,0,0,0,0,0,0,0,0,0,0
1/5/2021,113.4,,,,,0,0,0,0,0,0,0,0,0,0
1/5/2021,115.2,,,,,0,0,0,0,0,0,0,0,0,0
1/5/2021,111.6,,,,,0,0,0,0,0,0,0,0,0,0
1/5/2021,100.8,108,,"insulin degludec, 6 IU",,0,0,0,0,0,0,0,0,0,0
1/5/2021,97.2,,,,,0,0,0,0,0,0,0,0,0,0
1/5/2021,97.2,,,,,0,0,0,0,0,0,0,0,0,0
1/5/2021,93.6,,,,,0,0,0,0,0,0,0,0,0,0
1/5/2021,90,,,,,0,0,0,0,0,0,0,0,0,0
1/5/2021,91.8,,,,,0,0,0,0,0,0,0,0,0,0
1/5/2021,91.8,,,,,0,0,0,0,0,0,0,0,0,0
1/5/2021,95.4,,,,,0,0,0,0,0,0,0,0,0,0
1/5/2021,93.6,,,,,0,0,0,0,0,0,0,0,0,0
1/6/2021,93.6,,,,,0,0,0,0,0,0,0,0,0,0
1/6/2021,95.4,,,,,0,0,0,0,0,0,0,0,0,0
1/6/2021,93.6,,,,,0,0,0,0,0,0,0,0,0,0
1/6/2021,93.6,,,,,0,0,0,0,0,0,0,0,0,0
1/6/2021,91.8,,,,,0,0,0,0,0,0,0,0,0,0
1/6/2021,93.6,,,,,0,0,0,0,0,0,0,0,0,0
1/6/2021,90,,,,,0,0,0,0,0,0,0,0,0,0
1/6/2021,88.2,,,,,0,0,0,0,0,0,0,0,0,0
1/6/2021,88.2,,,,,0,0,0,0,0,0,0,0,0,0
1/6/2021,91.8,,,,,0,0,0,0,0,0,0,0,0,0
1/6/2021,95.4,,,,,0,0,0,0,0,0,0,0,0,0
1/6/2021,99,,,,,0,0,0,0,0,0,0,0,0,0
1/6/2021,102.6,,,,,0,0,0,0,0,0,0,0,0,0
1/6/2021,106.2,,,,,0,0,0,0,0,0,0,0,0,0
1/6/2021,109.8,,,,,0,0,0,0,0,0,0,0,0,0
1/6/2021,106.2,,,,,0,0,0,0,0,0,0,0,0,0
1/6/2021,104.4,,,,,0,0,0,0,0,0,0,0,0,0
1/6/2021,104.4,,,,,0,0,0,0,0,0,0,0,0,0
1/6/2021,109.8,,,,,0,0,0,0,0,0,0,0,0,0
1/6/2021,111.6,,,,,0,0,0,0,0,0,0,0,0,0
1/6/2021,109.8,,,,,0,0,0,0,0,0,0,0,0,0
1/6/2021,113.4,,,,,0,0,0,0,0,0,0,0,0,0
1/6/2021,115.2,,,,,0,0,0,0,0,0,0,0,0,0
1/6/2021,115.2,,,,,0,0,0,0,0,0,0,0,0,0
1/6/2021,118.8,,,,,0,0,0,0,0,0,0,0,0,0
1/6/2021,118.8,,,,,0,0,0,0,0,0,0,0,0,0
1/6/2021,113.4,104.4,,,,0,0,0,0,0,0,0,0,0,0
1/6/2021,117,,"Red date and fungus porridge 150 g
Soybean milk 390 ml
Egg 40 g
Bread 70 g",,,0,0,0,0,0,0,0,0,0,0
1/6/2021,131.4,,,,metformin 850 mg,0,0,0,0,0,0,0,0,0,0
1/6/2021,149.4,,,,,0,0,0,0,0,0,0,0,0,0
1/6/2021,158.4,,,,,0,0,0,0,0,0,0,0,0,0
1/6/2021,156.6,,,,,0,0,0,0,0,0,0,0,0,0
1/6/2021,149.4,,,,,0,0,0,0,0,0,0,0,0,0
1/6/2021,142.2,,,,,0,0,0,0,0,0,0,0,0,0
1/6/2021,140.4,131.4,,,,0,0,0,0,0,0,0,0,0,0
1/6/2021,140.4,,,,,0,0,0,0,0,0,0,0,0,0
1/6/2021,138.6,,,,,0,0,0,0,0,0,0,0,0,0
1/6/2021,133.2,,,,,0,0,0,0,0,0,0,0,0,0
1/6/2021,131.4,,,,,0,0,0,0,0,0,0,0,0,0
1/6/2021,135,,,,,0,0,0,0,0,0,0,0,0,0
1/6/2021,135,,,,,0,0,0,0,0,0,0,0,0,0
1/6/2021,115.2,,,,,0,0,0,0,0,0,0,0,0,0
1/6/2021,84.6,,,,,0,0,0,0,0,0,0,0,0,0
1/6/2021,73.8,,,,,0,0,0,0,0,0,0,0,0,0
1/6/2021,79.2,,,,,0,0,0,0,0,0,0,0,0,0
1/6/2021,86.4,73.8,"Raddish 140 g
Steamed taro 150 g",,,0,0,0,0,0,0,0,0,0,0
1/6/2021,91.8,,,,,0,0,0,0,0,0,0,0,0,0
1/6/2021,100.8,,,,,0,0,0,0,0,0,0,0,0,0
1/6/2021,111.6,,,,,0,0,0,0,0,0,0,0,0,0
1/6/2021,131.4,,,,,0,0,0,0,0,0,0,0,0,0
1/6/2021,154.8,,,,,0,0,0,0,0,0,0,0,0,0
1/6/2021,176.4,,,,,0,0,0,0,0,0,0,0,0,0
1/6/2021,187.2,,,,,0,0,0,0,0,0,0,0,0,0
1/6/2021,180,,,,,0,0,0,0,0,0,0,0,0,0
1/6/2021,172.8,140.4,,,,0,0,0,0,0,0,0,0,0,0
1/6/2021,165.6,,,,,0,0,0,0,0,0,0,0,0,0
1/6/2021,158.4,,,,,0,0,0,0,0,0,0,0,0,0
1/6/2021,142.2,,,,,0,0,0,0,0,0,0,0,0,0
1/6/2021,118.8,,,,,0,0,0,0,0,0,0,0,0,0
1/6/2021,104.4,,,,,0,0,0,0,0,0,0,0,0,0
1/6/2021,100.8,,,,,0,0,0,0,0,0,0,0,0,0
1/6/2021,97.2,,,,,0,0,0,0,0,0,0,0,0,0
1/6/2021,95.4,,,,,0,0,0,0,0,0,0,0,0,0
1/6/2021,95.4,,,,,0,0,0,0,0,0,0,0,0,0
1/6/2021,90,,,,,0,0,0,0,0,0,0,0,0,0
1/6/2021,86.4,,,,,0,0,0,0,0,0,0,0,0,0
1/6/2021,88.2,,,,,0,0,0,0,0,0,0,0,0,0
1/6/2021,93.6,,,,,0,0,0,0,0,0,0,0,0,0
1/6/2021,93.6,,,,,0,0,0,0,0,0,0,0,0,0
1/6/2021,93.6,,,,,0,0,0,0,0,0,0,0,0,0
1/6/2021,102.6,,,,,0,0,0,0,0,0,0,0,0,0
1/6/2021,106.2,,,,,0,0,0,0,0,0,0,0,0,0
1/6/2021,106.2,126,,,,0,0,0,0,0,0,0,0,0,0
1/6/2021,106.2,,"Spinage 60 g
Chinese cabbage and tofu 100 g
Zucchini 60 g
Mutton 40 g
Red date and fungus porridge 150 g",,,0,0,0,0,0,0,0,0,0,0
1/6/2021,106.2,,,,metformin 850 mg,0,0,0,0,0,0,0,0,0,0
1/6/2021,102.6,,,,,0,0,0,0,0,0,0,0,0,0
1/6/2021,102.6,,,,,0,0,0,0,0,0,0,0,0,0
1/6/2021,109.8,,,,,0,0,0,0,0,0,0,0,0,0
1/6/2021,120.6,,,,,0,0,0,0,0,0,0,0,0,0
1/6/2021,126,,,,,0,0,0,0,0,0,0,0,0,0
1/6/2021,124.2,,,,,0,0,0,0,0,0,0,0,0,0
1/6/2021,120.6,124.2,,,,0,0,0,0,0,0,0,0,0,0
1/6/2021,115.2,,,,,0,0,0,0,0,0,0,0,0,0
1/6/2021,115.2,,,,,0,0,0,0,0,0,0,0,0,0
1/6/2021,115.2,,,,,0,0,0,0,0,0,0,0,0,0
1/6/2021,111.6,,,,,0,0,0,0,0,0,0,0,0,0
1/6/2021,115.2,,,,,0,0,0,0,0,0,0,0,0,0
1/6/2021,118.8,102.6,,"insulin degludec, 6 IU",,0,0,0,0,0,0,0,0,0,0
1/6/2021,111.6,,,,,0,0,0,0,0,0,0,0,0,0
1/6/2021,109.8,,,,,0,0,0,0,0,0,0,0,0,0
1/6/2021,109.8,,,,,0,0,0,0,0,0,0,0,0,0
1/6/2021,106.2,,,,,0,0,0,0,0,0,0,0,0,0
1/6/2021,102.6,,,,,0,0,0,0,0,0,0,0,0,0
1/6/2021,99,,,,,0,0,0,0,0,0,0,0,0,0
1/6/2021,97.2,,,,,0,0,0,0,0,0,0,0,0,0
1/6/2021,95.4,,,,,0,0,0,0,0,0,0,0,0,0
1/7/2021,93.6,,,,,0,0,0,0,0,0,0,0,0,0
1/7/2021,91.8,,,,,0,0,0,0,0,0,0,0,0,0
1/7/2021,91.8,,,,,0,0,0,0,0,0,0,0,0,0
1/7/2021,93.6,,,,,0,0,0,0,0,0,0,0,0,0
1/7/2021,93.6,,,,,0,0,0,0,0,0,0,0,0,0
1/7/2021,91.8,,,,,0,0,0,0,0,0,0,0,0,0
1/7/2021,91.8,,,,,0,0,0,0,0,0,0,0,0,0
1/7/2021,91.8,,,,,0,0,0,0,0,0,0,0,0,0
1/7/2021,91.8,,,,,0,0,0,0,0,0,0,0,0,0
1/7/2021,95.4,,,,,0,0,0,0,0,0,0,0,0,0
1/7/2021,93.6,,,,,0,0,0,0,0,0,0,0,0,0
1/7/2021,93.6,,,,,0,0,0,0,0,0,0,0,0,0
1/7/2021,95.4,,,,,0,0,0,0,0,0,0,0,0,0
1/7/2021,97.2,,,,,0,0,0,0,0,0,0,0,0,0
1/7/2021,100.8,,,,,0,0,0,0,0,0,0,0,0,0
1/7/2021,108,,,,,0,0,0,0,0,0,0,0,0,0
1/7/2021,109.8,,,,,0,0,0,0,0,0,0,0,0,0
1/7/2021,108,,,,,0,0,0,0,0,0,0,0,0,0
1/7/2021,113.4,,,,,0,0,0,0,0,0,0,0,0,0
1/7/2021,113.4,,,,,0,0,0,0,0,0,0,0,0,0
1/7/2021,124.2,,,,,0,0,0,0,0,0,0,0,0,0
1/7/2021,131.4,,,,,0,0,0,0,0,0,0,0,0,0
1/7/2021,122.4,,,,,0,0,0,0,0,0,0,0,0,0
1/7/2021,113.4,,,,,0,0,0,0,0,0,0,0,0,0
1/7/2021,113.4,131.4,,,,0,0,0,0,0,0,0,0,0,0
1/7/2021,120.6,,"Red date and fungus porridge 150 g
Soybean milk 290 ml
Egg 43 g
Bread 67 g",,,0,0,0,0,0,0,0,0,0,0
1/7/2021,131.4,,,,metformin 850 mg,0,0,0,0,0,0,0,0,0,0
1/7/2021,149.4,,,,,0,0,0,0,0,0,0,0,0,0
1/7/2021,163.8,,,,,0,0,0,0,0,0,0,0,0,0
1/7/2021,167.4,,,,,0,0,0,0,0,0,0,0,0,0
1/7/2021,169.2,,,,,0,0,0,0,0,0,0,0,0,0
1/7/2021,167.4,,,,,0,0,0,0,0,0,0,0,0,0
1/7/2021,142.2,,,,,0,0,0,0,0,0,0,0,0,0
1/7/2021,117,118.8,,,,0,0,0,0,0,0,0,0,0,0
1/7/2021,97.2,,,,,0,0,0,0,0,0,0,0,0,0
1/7/2021,95.4,,,,,0,0,0,0,0,0,0,0,0,0
